endDate,type,currentPrice,totalCash,totalCashPerShare,ebitda,totalDebt,quickRatio,currentRatio,totalRevenue,debtToEquity,revenuePerShare,returnOnAssets,returnOnEquity,grossProfits,freeCashflow,operatingCashflow,earningsGrowth,revenueGrowth,earningsGrowthAnnual,revenueGrowthAnnual,grossMargins,ebitdaMargins,operatingMargins,profitMargins,financialCurrency
2025-12-31,yearly,,20319918000,1.289201,29820254000,11880388000,0.7314915,0.96219873,88242470000,0.13382617,,0.110198826,0.18010107,45378340000,19500122000,24450284000,0.07384806,-0.013528942,0.07384806,-0.013528942,0.51424605,0.3379354,0.26544344,0.18118751,
2024-12-31,yearly,,29837668000,1.8930563,28551154000,14815112000,0.85983235,1.0965214,89452670000,0.14877522,,0.09136139,0.14909495,45837590000,20635548000,26099034000,-0.0044618845,0.12184841,-0.0044618845,0.12184841,0.5124228,0.31917608,0.24376664,0.16597551,
2023-12-31,yearly,,16336167000,1.036713,24659872000,12793525000,0.6570929,0.89167523,79736860000,0.15963212,,0.112786435,0.1866702,40445284000,18945446000,24711428000,0.003043379,0.00035178039,0.003043379,0.00035178039,0.50723445,0.30926564,0.23384032,0.18762287,
2022-12-31,yearly,,15380932000,0.9763295,23134800000,15072287000,0.6140443,0.9328123,79708820000,0.18087938,,0.107940696,0.17870729,39286760000,15638014000,20642152000,0.14102909,0.09408457,0.14102909,0.09408457,0.49287847,0.29024142,0.22154185,0.18682112,
2021-12-31,yearly,,18542305000,1.177273,22082961000,16565578000,0.7108142,0.99384385,72854350000,0.1971679,,0.09467783,0.15618846,37194600000,15166069000,22900951000,0.113501124,0.24795488,0.113501124,0.24795488,0.5105337,0.3031111,0.23285535,0.18012078,
2020-12-31,yearly,,18790363000,1.1938542,20909687000,19306265000,0.82850647,1.0556979,58378994000,0.2568992,,0.093707904,0.1561109,31312896000,12056209000,18855780000,-0.03400443,0.10987292,-0.03400443,0.10987292,0.53637266,0.3581714,0.2728531,0.20096114,
2019-12-31,yearly,,11915224000,0.7572377,20574755000,14829055000,0.86532134,1.1043581,52599710000,0.23705247,,0.11979535,0.19483872,30921550000,13542669000,18381259000,0.06850876,0.04714931,0.06850876,0.04714931,0.5878654,0.39115718,0.30518365,0.23171861,
2018-12-31,yearly,,11476889000,0.72974396,20834000000,13310974000,0.8026226,1.020188,50231337000,0.23130442,,0.120874256,0.19770524,30961710000,14235489000,17911196000,0.5036451,0.04868679,0.5036451,0.04868679,0.61638236,0.41476104,0.33824417,0.22650059,
2017-12-31,yearly,,10366410000,0.6593508,19909720000,11501780000,0.7110556,0.8616029,47899275000,0.23970604,,0.09038946,0.1636106,29857497000,14801060000,17874061000,-0.41562158,0.050363682,-0.41562158,0.050363682,0.62333924,0.41565806,0.3428799,0.1638961,
2016-12-31,yearly,,8159620000,0.5191385,20491532000,12047099000,0.6790865,0.8301641,45602562000,0.2582373,,0.15604933,0.28045103,28924602000,6446605000,12344513000,0.009887417,-0.02392069,0.009887417,-0.02392069,0.6342758,0.44935048,0.37498716,0.2869005,
2015-12-31,yearly,,13835267000,0.88023955,21745056000,10983261000,0.79544777,0.93937266,46720140000,0.21820918,,0.14282191,0.25587544,30658770000,17583878000,23580946000,0.029692814,0.2269013,0.029692814,0.2269013,0.6562217,0.46543214,0.40200204,0.27566573,
2014-12-31,yearly,,10435025000,0.66390634,18134650000,7661807000,0.79346204,0.94976526,38079787000,0.17554966,,0.1713539,0.28324234,25265197000,11127596000,15895673000,0.26539603,0.09451755,0.26539603,0.09451755,0.6634805,0.47622773,0.41607326,0.32463467,
2013-12-31,yearly,,11574437000,0.7385951,17394346000,8536642000,1.0287501,1.1914622,34791390000,0.19402607,,0.16533282,0.2580623,23393590000,11443871000,15245896000,,,,,0.67239594,0.4999612,0.44192284,0.3263471,
2012-12-31,yearly,,48155000,0.0030552028,31535000,338835000,2.367593,2.367593,0,0.3467382,,0.03451754,0.047554918,0,34738000,34738000,,,,,,,,,
