endDate,type,currentPrice,totalCash,totalCashPerShare,ebitda,totalDebt,quickRatio,currentRatio,totalRevenue,debtToEquity,revenuePerShare,returnOnAssets,returnOnEquity,grossProfits,freeCashflow,operatingCashflow,earningsGrowth,revenueGrowth,earningsGrowthAnnual,revenueGrowthAnnual,grossMargins,ebitdaMargins,operatingMargins,profitMargins,financialCurrency
2025-12-31,yearly,,2430014000,4.8196306,2174185000,10823013000,2.5821235,2.5821235,2859106000,0.77868974,,0.03634842,0.06801155,2112167900,3090006000,1726228000,0.19420595,0.04352723,0.19420595,0.04352723,0.7387512,0.76044226,0.5384061,0.33062539,
2024-12-31,yearly,,3369105000,6.205334,2071935000,10888810000,1.885644,1.885644,2739848000,0.77037,,0.029755002,0.05744645,2020867000,1767693000,1679910000,-0.7937645,0.010166377,-0.7937645,0.010166377,0.73758364,0.7562226,0.5303593,0.29635876,
2023-12-31,yearly,,2133230000,3.7168372,6097183000,10417028000,1.7892936,1.7892936,2712274000,0.6896533,,0.12632048,0.23131227,1885385000,1801430000,1441890000,20.728678,1.4405856,20.728678,1.4405856,0.6951307,2.2479968,1.995638,1.2881848,
2022-12-31,yearly,,2562121000,4.324447,671672000,3392385000,3.215209,3.215209,1111321000,0.43066797,,0.018082237,0.028201489,801322000,-457813000,929733000,-0.43290958,0.1851853,-0.43290958,0.1851853,0.7210536,0.6043906,0.42252597,0.19989184,
2021-12-31,yearly,,1246322000,4.689427,681197950,2577246000,2.4404404,2.4404404,937677000,0.32999367,,0.028647164,0.04076896,636883970,291025980,600245000,0.6257548,0.17564523,0.6257548,0.17564523,0.67921466,0.72647405,0.52262986,0.3395679,
2020-12-31,yearly,,1384700000,5.2100897,505706020,2846768100,4.3682246,4.3682246,797585000,0.37373474,,0.018596701,0.026581438,528036000,264984990,303913000,6.675626,0.07319702,6.675626,0.07319702,0.6620436,0.63404655,0.4015058,0.25385758,
2019-12-31,yearly,,1200048000,4.5153155,372972000,3150954000,6.443372,6.443372,743186000,0.4192282,,0.0051924777,0.007534776,543111000,-281437000,468296000,-0.88361454,0.98653346,-0.88361454,0.98653346,0.73078746,0.50185555,0.34183636,0.07620165,
2018-12-31,yearly,,280145000,,562234000,1541447200,1.3520457,1.3520457,374112000,0.39456168,,0.065908685,0.09287658,295701000,138080990,187412000,0.36727104,0.054264266,0.36727104,0.054264266,0.79040766,1.5028495,1.4976639,0.9698807,
2017-12-31,yearly,,448429000,,384679000,1641573000,1.609044,1.609044,354856000,0.45408773,,0.04736445,0.069775924,271740000,154436990,170940990,0.4371845,0.036699384,0.4371845,0.036699384,0.76577544,1.0840425,1.077578,0.7108433,
2016-12-31,yearly,,256046000,,389089980,1449487000,1.3880528,1.3880528,342294020,0.4191492,,0.04967381,0.07164985,257932000,188655010,162708000,-0.008288801,0.03355885,-0.008288801,0.03355885,0.7535393,1.1367128,1.1289738,0.7238718,
2015-12-31,yearly,,265144990,,337864000,1489975000,1.4073076,1.4073076,331180000,0.45028907,,0.04163346,0.06166314,251460990,81990000,162575010,-0.38128942,0.039080836,-0.38128942,0.039080836,0.75928795,1.0201824,1.0120538,0.61609703,
2014-12-31,yearly,,315936000,,424841000,1473798000,2.1203983,2.1203983,318724000,0.4650016,,0.057940047,0.086693674,243046000,7364000,73214000,-0.3052919,0.15582737,-0.3052919,0.15582737,0.7625595,1.3329432,1.3251339,0.86209697,
2013-12-31,yearly,,424431000,5.5536475,550172030,1417074000,2.1454015,2.1454015,275753980,0.478005,,0.08134525,0.12430078,217039010,-297791000,47551000,0.21786116,0.07359508,0.21786116,0.07359508,0.7870748,1.9951552,1.9867057,1.3363252,
2012-12-31,yearly,,681976000,8.923604,418451000,1181680000,2.669286,2.669286,256851010,0.4413796,,0.07612267,0.11571423,213674000,17782000,174708000,-0.19700927,0.1718458,-0.19700927,0.1718458,0.8318986,1.6291585,1.6221894,1.2061273,
2011-12-31,yearly,,390918020,5.1151323,451920000,733295040,3.493569,3.493569,219184990,0.30171844,,0.11136115,0.1498962,182376000,-142296990,167748000,0.6599135,0.18472616,0.6599135,0.18472616,0.8320643,2.06182,2.0551271,1.6620983,
2010-12-31,yearly,,61566000,0.8055864,283177980,528961980,0.69923955,0.69923955,185008990,0.31640324,,0.09110923,0.12726426,150271010,-12776000,106182000,,,,,0.81223625,1.5306175,1.5240773,1.1499982,
