endDate,type,currentPrice,totalCash,totalCashPerShare,ebitda,totalDebt,quickRatio,currentRatio,totalRevenue,debtToEquity,revenuePerShare,returnOnAssets,returnOnEquity,grossProfits,freeCashflow,operatingCashflow,earningsGrowth,revenueGrowth,earningsGrowthAnnual,revenueGrowthAnnual,grossMargins,ebitdaMargins,operatingMargins,profitMargins,financialCurrency
2025-12-31,yearly,,1705415000,4.222696,1429485000,6632227000,2.2233157,2.2233157,4023697000,2.3405194,,0.025228254,0.09057733,2533493000,47594000,631870000,0.45344466,0.058483515,0.45344466,0.058483515,0.6296431,0.35526657,0.24902894,0.06378835,
2024-12-31,yearly,,1251981000,3.0999696,1301135000,6234121000,2.1649914,2.1649914,3801379000,2.2423007,,0.021100907,0.07353482,2351393000,112905000,608360000,1.2583078,0.018333806,1.399424,0.018333806,0.6185632,0.34227973,0.21573724,0.053781535,
2023-12-31,yearly,,905245000,2.2414334,1059333000,6126301000,1.0462759,1.0462759,3732940000,2.1440551,,-0.022077832,-0.07460497,2214124000,501279000,500769980,-2.2237654,0.04762784,-19.61114,0.04762784,0.5931314,0.2837798,0.14061357,-0.05710566,
2022-12-31,yearly,,1410630000,3.4927926,952375000,6767280600,1.3064321,1.3064321,3563231000,2.1138055,,0.0010672758,0.0035777336,2054390000,266222000,227952990,-0.16637199,0.34420714,1.1408371,0.34420714,0.57655257,0.2672785,0.10611184,0.0032144983,
2021-12-31,yearly,,515301000,1.2759119,704055000,6763096000,1.0621892,1.0621892,2650805000,2.8035173,,-0.008229349,-0.03371303,1400861000,-1946028000,377174020,-1.1325532,0.86415297,-1.0006396,0.86415297,0.5284663,0.26560044,0.10605986,-0.03068049,
2020-12-31,yearly,,1277854000,3.1640325,268003010,1784958000,4.7759833,4.7759833,1421989000,0.706501,,-0.00887104,-0.01609,736622000,-1552798000,124528000,-3.285208,0.20354651,-3.237569,0.20354651,0.5180223,0.18847051,0.08310824,-0.028587421,
2019-12-31,yearly,,182594000,1.6431711,243063010,1497785000,1.3412389,1.3412389,1181499000,2.1693354,,-0.003997045,-0.013894139,509915000,-214852990,160138000,-5.2616615,0.07169622,-5.2616615,0.07169622,0.4315831,0.20572425,0.1015405,-0.008119347,
2018-12-31,yearly,,185431010,2.360494,92976000,630178000,1.7626326,1.7626326,1102457000,0.9472814,,0.0015562023,0.0033836954,395316000,26017000,165747010,-0.9735649,0.054302774,-0.9735649,0.054302774,0.35857725,0.08433526,0.035063498,0.002041803,
2017-12-31,yearly,,115912000,1.4319923,137470000,472756000,1.8513457,1.8513457,1045674000,0.67881703,,0.06363403,0.12226736,399133000,140764000,157251010,3.0850084,0.08875155,3.0850084,0.08875155,0.38169926,0.13146545,0.08240905,0.08143265,
2016-12-31,yearly,,181499010,2.2422628,98210000,607997000,1.6178151,1.6178151,960434000,0.95643324,,0.015019613,0.032791037,348851000,79640000,122084000,-0.6753267,0.12119022,-0.6753267,0.12119022,0.36322224,0.10225586,0.05839964,0.02170373,
2015-12-31,yearly,,184538000,2.2269347,97533000,419787000,1.655538,1.655538,856620030,0.6537537,,0.054604743,0.09998629,364004000,-131522000,-35768000,-0.61064786,0.23520204,-0.61064786,0.23520204,0.4249305,0.11385795,0.081332445,0.07494922,
2014-12-31,yearly,,135860000,1.639507,142716000,202572000,1.934438,1.934438,693506000,0.33971378,,0.16851678,0.26680106,322462020,86423000,87513000,3.2986703,0.50339913,3.2986703,0.50339913,0.46497366,0.20578913,0.17528616,0.22940537,
2013-12-31,yearly,,488689000,5.897314,52413000,298301000,5.043624,5.043624,461292000,0.625348,,0.03923771,0.071318366,205392990,-449620000,65992000,0.63213205,0.42510867,0.63213205,0.42510867,0.4452559,0.11362217,0.08649836,0.073749386,
2012-12-31,yearly,,5470000,0.013544003,44078000,184931010,0.8420374,0.8420374,323689000,10.074141,,0.0898292,1.280329,133187000,12613000,46989000,,,,,0.41146594,0.13617392,0.10763109,0.07260982,
