endDate,type,currentPrice,totalCash,totalCashPerShare,ebitda,totalDebt,quickRatio,currentRatio,totalRevenue,debtToEquity,revenuePerShare,returnOnAssets,returnOnEquity,grossProfits,freeCashflow,operatingCashflow,earningsGrowth,revenueGrowth,earningsGrowthAnnual,revenueGrowthAnnual,grossMargins,ebitdaMargins,operatingMargins,profitMargins,financialCurrency
2025-12-31,yearly,,27551700000,9.45031,8521631700,143409700000,1.667873,1.6815131,41281597000,1.2101915,,0.023453688,0.055354998,17717190000,8936530000,14509829000,-0.36809412,0.027376918,-0.36809412,0.027376918,0.4291789,0.2064269,0.095601484,0.15890032,
2024-12-31,yearly,,36033094000,15.607982,26236680000,149077920000,2.0236762,2.0376334,40181550000,1.2219523,,0.03581159,0.08508829,18038522000,3725262000,12385583000,1.3620207,0.08134367,1.3620207,0.08134367,0.4489255,0.6529534,0.55370945,0.25834626,
2023-12-31,yearly,,19414230000,8.414993,17351840000,138808080000,1.7478205,1.7635309,37158908000,1.2342376,,0.0164566,0.039077714,18485410000,9062376000,8242958000,0.20791632,0.090528086,0.20791632,0.090528086,0.49746913,0.46696314,0.36950758,0.11827207,
2022-12-31,yearly,,26031182000,11.283074,10698722000,140497040000,1.8605214,1.876758,34074233000,1.2654127,,0.013464645,0.032769766,18216622000,-19525919000,9275733000,-0.3632104,-0.09416172,-0.3632104,-0.09416172,0.53461576,0.31398275,0.22658779,0.10677811,
2021-12-31,yearly,,18378030000,11.713727,15132154000,96447460000,1.6174234,1.6641282,37616243000,1.2621245,,0.03034275,0.07476937,25655192000,8354591700,8230605000,-0.10547158,0.2935206,-0.10547158,0.2935206,0.6820243,0.4022771,0.34694308,0.1518927,
2020-12-31,yearly,,17899327000,11.408613,10487161000,90443160000,1.6762612,1.7118039,29080513000,1.2263263,,0.035690002,0.08660611,21121262000,6640271000,4198719000,-0.40549085,0.048871424,-0.40549085,0.048871424,0.7263029,0.36062503,0.296566,0.21964237,
2019-12-31,yearly,,13989213000,8.916398,10257061000,88369150000,1.5487839,1.5882039,27725527000,1.2377646,,0.060540043,0.15048632,20947708000,3183700000,-86329000,-0.19507165,0.11009801,-0.19507165,0.11009801,0.7555387,0.3699501,0.30476004,0.38750726,
2018-12-31,yearly,,8551544000,6.322141,20141132000,100932395000,1.2582005,1.2825936,24975747000,1.8020761,,0.07365798,0.2383115,19438684000,2831469000,2410161000,8.734628,-0.34059215,8.734628,-0.34059215,0.77830243,0.8064276,0.73224676,0.5344215,
2017-12-31,yearly,,9046486000,6.688051,6744201000,102250770000,1.0651529,1.0927774,37876023000,2.391689,,-0.009976514,-0.04036465,22502386000,2237778000,2385569000,-1.4911914,-0.37651458,-1.4911914,-0.37651458,0.5941064,0.1780599,0.13182212,-0.045561567,
2016-12-31,yearly,,7858992000,5.8101387,19797193000,101278650000,0.90807235,0.94007874,60748853000,2.2983959,,0.020605795,0.07972953,44537917000,-3585068000,1888738000,1.2349442,0.8640999,1.2349442,0.8640999,0.7331483,0.32588586,0.2955349,0.057832796,
2015-12-31,yearly,,8884180000,6.5680585,-10701921000,84521200000,1.0108055,1.0476075,32588839000,2.0249825,,-0.09992728,-0.35826394,15597279000,-2032077000,6980475000,-4.047645,0.07750029,-4.047645,0.07750029,0.478608,-0.3283922,-0.38493305,-0.45885825,
2014-12-31,yearly,,6880948000,5.087073,-179312990,73830960000,1.540046,1.5842761,30244854000,1.2987319,,-0.020483075,-0.05211223,13917495000,-5444541000,5192461000,0.5291169,0.073030084,0.5291169,0.073030084,0.46016076,-0.005928711,-0.064692296,-0.097950615,
2013-12-31,yearly,,10573292000,7.8168163,-3690103000,54162770000,1.4834486,1.5207411,28186399000,0.8924657,,-0.04546271,-0.10366598,23835644000,1173947000,9329355000,0.09158372,-0.2871216,0.09158372,-0.2871216,0.84564346,-0.13091786,-0.18415417,-0.22320606,
2012-12-31,yearly,,14561309000,10.76515,-6173421000,78992340000,1.410945,1.437376,39538860000,1.1740732,,-0.040219687,-0.10293685,34064476000,371179000,13826591000,-2.8409402,0.19592373,-2.8409402,0.19592373,0.8615442,-0.15613553,-0.20103349,-0.17516065,
2011-12-31,yearly,,19246930000,14.22922,6349512000,64702860000,1.3747579,1.4033662,33061356000,0.8380948,,0.023059722,0.048729353,28345608000,-6617243000,4286868000,0.4735766,0.10889622,0.4735766,0.10889622,0.85736376,0.19205238,0.13991039,0.113789015,
2010-12-31,yearly,,18052460000,13.346151,6003849000,59990030000,1.749058,1.7858913,29814653000,0.8505555,,0.017378949,0.03619694,25548747000,508988000,7643911000,,,,,0.85691917,0.20137243,0.1479599,0.08562853,
