endDate,type,currentPrice,totalCash,totalCashPerShare,ebitda,totalDebt,quickRatio,currentRatio,totalRevenue,debtToEquity,revenuePerShare,returnOnAssets,returnOnEquity,grossProfits,freeCashflow,operatingCashflow,earningsGrowth,revenueGrowth,earningsGrowthAnnual,revenueGrowthAnnual,grossMargins,ebitdaMargins,operatingMargins,profitMargins,financialCurrency
2025-12-31,yearly,,1081337000,5.2367573,1835698000,4736807000,1.2698779,1.838939,11819492000,0.59378546,,0.05898586,0.11423019,6495420000,540590000.0,1074977000.0,1.6665994,0.41048214,1.6665994,0.41048214,0.54955155,0.15531108,0.096297875,0.07709714,
2024-12-31,yearly,,774543000,3.7509987,798494000,4491427000,1.021194,1.512394,8379753000,0.5816769,,0.022194775,0.043844894,4465061000,889023000.0,363955000.0,-0.14439909,0.72893625,-0.14439909,0.72893625,0.53283924,0.095288485,0.04578166,0.040400833,
2023-12-31,yearly,,749714000,6.754837,781728000,1636727000,0.91022664,1.2716815,4846768000,0.55878174,,0.066713415,0.13610773,2629061000,-201396990.0,412592000.0,-0.05959139,0.14479963,-0.05959139,0.14479963,0.5424359,0.16128851,0.11529002,0.08225543,
2022-12-31,yearly,,476433980,4.3239036,716159000,761565000,0.9853396,1.4574436,4233726000,0.2868858,,0.09068771,0.15917242,2283634000,-368998020.0,138250000.0,0.23020625,0.4480084,0.23020625,0.4480084,0.5393911,0.16915573,0.12993968,0.09980287,
2021-12-31,yearly,,262558990,2.39133,574273000,752181000,0.7875569,1.084125,2923827000,0.4724737,,0.10210538,0.21590371,1538680100,231166000.0,241938000.0,6.1059194,0.83773834,6.1059194,0.83773834,0.52625555,0.19641142,0.16024375,0.117558256,
2020-12-31,yearly,,561165000,,173212000,812013000,1.3977911,1.7169597,1590992000,0.6021169,,0.017152067,0.036025587,755213000,-76966000.0,220316000.0,-0.7003559,-0.052549522,-0.7003559,-0.052549522,0.47468057,0.10887044,0.05789407,0.030536924,
2019-12-31,yearly,,277683000,3.0529954,303424000,360741020,1.724202,2.1105046,1679235000,0.483521,,0.11472784,0.21732384,775694000,119473000.0,204882000.0,0.13666898,0.09994111,0.13666898,0.09994111,0.46193296,0.18069181,0.1328593,0.096555285,
2018-12-31,yearly,,235800990,2.611237,232161010,121779000,2.7009368,3.2904932,1526659000,0.17119613,,0.13649726,0.20052801,710672000,190072000.0,117836000.0,-0.07655855,0.12215228,-0.07655855,0.12215228,0.465508,0.1520713,0.12529255,0.09343541,
2017-12-31,yearly,,337920000,3.7644594,206264990,191842990,2.0787444,2.3967967,1360474000,0.28850305,,0.14712843,0.23229969,623768000,82190000.0,173887010.0,0.32992965,0.09794449,0.32992965,0.09794449,0.45849314,0.1516126,0.12762684,0.11354131,
2016-12-31,yearly,,242844000,2.7336137,177140990,114589000,2.9517465,3.4991279,1239110000,0.17110522,,0.12803754,0.17343463,549291000,80751000.0,101709000.0,-0.029365802,0.105798274,-0.029365802,0.105798274,0.4432948,0.14295825,0.122124754,0.09373583,
2015-12-31,yearly,,225762000,2.5442138,165496000,130607000,2.8895855,3.4502075,1120557000,0.21137068,,0.14012913,0.19365922,475899000,60840000.0,91247000.0,0.061293814,0.064248666,0.061293814,0.064248666,0.42469862,0.14769083,0.1260873,0.10678886,
2014-12-31,yearly,,200384990,2.2595718,161300000,106494000,2.9111478,3.4599698,1052909000,0.18479142,,0.14155772,0.19565047,449299000,61944000.0,109965000.0,0.019872462,0.09342022,0.019872462,0.09342022,0.42672157,0.15319462,0.14062944,0.107086174,
2013-12-31,yearly,,185690990,2.0949595,159460000,105299000,3.2530584,3.8446615,962950000,0.20464607,,0.15706825,0.21486098,425729000,59874000.0,71734000.0,0.14122468,0.119273305,0.14122468,0.119273305,0.44210914,0.16559531,0.15420324,0.114808664,
2012-12-31,yearly,,202154000,2.2819705,135763010,98117000,3.4330235,4.0305295,860335000,0.21616483,,0.1521762,0.21342634,375805000,-27042000.0,51222000.0,0.05742635,0.26723543,0.05742635,0.26723543,0.4368124,0.15780248,0.14901753,0.11260033,
2011-12-31,yearly,,173550000,1.9600776,117729000,45148000,3.664966,4.2258058,678907000,0.11755853,,0.17941241,0.23854633,281424000,-125256000.0,43038000.0,0.41960827,0.18788679,0.41960827,0.18788679,0.41452512,0.17340961,0.16743235,0.1349419,
2010-12-31,yearly,,13004000,0.14686747,95490000,55522000,1.7081975,2.229192,571525000,0.3797207,,0.24065842,0.4413547,231640990,,,,,,,0.40530333,0.1670793,0.16240759,0.11291545,
