endDate,type,currentPrice,totalCash,totalCashPerShare,ebitda,totalDebt,quickRatio,currentRatio,totalRevenue,debtToEquity,revenuePerShare,returnOnAssets,returnOnEquity,grossProfits,freeCashflow,operatingCashflow,earningsGrowth,revenueGrowth,earningsGrowthAnnual,revenueGrowthAnnual,grossMargins,ebitdaMargins,operatingMargins,profitMargins,financialCurrency
2025-12-31,yearly,,15540777000,2.0721035,7025060000,22602195000,1.9061747,1.9061747,11121545000,1.2942106,,0.09459878,0.2626461,10068227000,4031878000,4358630000,0.0019748367,0.051907748,0.0019748367,0.051907748,0.9052903,0.63166225,0.59686285,0.41243118,
2024-12-31,yearly,,13300305000,1.773374,6617651000,19633201000,1.6580714,1.6580714,10572738000,1.0679822,,0.101189636,0.24895708,9513468000,9006806000,9297325000,0.10761366,0.06566581,0.10761366,0.06566581,0.8998112,0.6259165,0.5718388,0.43287662,
2023-12-31,yearly,,15988472000,2.1317961,6339658000,21231596000,1.5503966,1.5503966,9921251000,1.0466081,,0.083617486,0.20371151,8930025000,2927631900,3755446000,-0.022273244,-0.01873573,-0.022273244,-0.01873573,0.90009063,0.63899785,0.52912915,0.41653135,
2022-12-31,yearly,,14904511000,2.5613527,6634178000,18565423000,1.8406181,1.8406181,10110682000,0.91531295,,0.08880382,0.20837985,9091713000,9623294000,9887484000,-0.104097925,-0.017247265,-0.104097925,-0.017247265,0.89921856,0.65615535,0.5516813,0.4180329,
2021-12-31,yearly,,19137370000,3.137788,7378134000,20357835000,1.6278297,1.6278297,10288124000,0.9080467,,0.08979498,0.21040238,9248244000,1012869000,3213723000,0.13601916,0.10300078,0.13601916,0.10300078,0.89892423,0.71715057,0.61439615,0.45849845,
2020-12-31,yearly,,15507306000,2.5313919,6643710000,12212675000,1.7670118,1.7670118,9327395000,0.498041,,0.089584835,0.16926892,8382575000,3417560000,2753083000,0.5298637,0.41829014,0.5298637,0.41829014,0.8987048,0.71227926,0.60064024,0.4450026,
2019-12-31,yearly,,9471033000,4.5995126,4262391000,9108882000,1.2996591,1.2996591,6576507000,0.3586,,0.06778381,0.10681387,5907756000,2874860000,3219991000,0.30023417,0.36105603,0.30023417,0.36105603,0.89831215,0.64812386,0.49146774,0.41256005,
2018-12-31,yearly,,6842113000,3.3228037,3345196000,8649473000,1.2987999,1.2987999,4831915000,0.3453684,,0.05543474,0.08338663,4831915000,3384892000,3666514000,0.61038387,0.31530932,0.61038387,0.31530932,1.0,0.69231266,0.49506065,0.43219945,
2017-12-31,yearly,,5647353000,2.7425807,2199762000,9391232000,1.184085,1.184085,3673596000,0.38631126,,0.034503702,0.053337894,3673596000,2133549000,11191051000,-0.103731476,0.5829137,-0.103731476,0.5829137,1.0,0.59880346,0.40401885,0.35296342,
2016-12-31,yearly,,11288938000,5.48236,1192906000,8871866000,3.1746993,3.1746993,2320781000,0.4650706,,0.046413846,0.07580388,2320781000,-2793627000,-7087411000,-0.3432758,0.0469843,-0.3432758,0.0469843,1.0,0.5140106,0.47164553,0.62309366,
2015-12-31,yearly,,8239374000,4.5396,2409283000,5930078000,4.1367073,4.1367073,2216634000,0.32312602,,0.08375335,0.12006497,2216634000,2033845000,969329000,1.2539597,0.09170507,1.2539597,0.09170507,1.0,1.0869106,1.0368992,0.99405587,
2014-12-31,yearly,,2462764000,1.3568947,1557656100,4705395000,1.4722435,1.4722435,2030433000,0.24780361,,0.03829211,0.051500592,2030433000,1798901000,1854498000,-0.096589416,-0.047547724,-0.096589416,-0.047547724,1.0,0.7671546,0.7084809,0.4816283,
2013-12-31,yearly,,4049982000,2.1315694,1625661000,3929050000,1.5934078,1.5934078,2131795000,0.20358941,,0.04174079,0.05601083,2131795000,1671389000,1918028000,0.006726303,0.032471243,0.006726303,0.032471243,1.0,0.7625785,0.7064469,0.5070595,
2012-12-31,yearly,,3277003000,1.6550521,1544682000,3109505000,2.1295092,2.1295092,2064750000,0.16016914,,0.044487968,0.055334423,2064750000,1194867000,1327666000,0.025086856,-0.024212386,0.025086856,-0.024212386,1.0,0.7481206,0.70271945,0.5202838,
2011-12-31,yearly,,2193353000,1.107754,1382689000,2436051000,1.2441456,1.2441456,2115983000,0.12649888,,0.044448175,0.054447852,1904684000,1507793000,1684313000,-0.08436597,0.006386994,-0.08436597,0.006386994,0.9001414,0.65344995,0.61790717,0.49552807,
2010-12-31,yearly,,2368425000,1.1587125,1349309000,1831877000,1.7988856,1.7988856,2102554000,0.09433403,,0.050564956,0.058936257,1889757000,384180000,1709949000,,,,,0.8987912,0.6417476,0.6156755,0.5443313,
