endDate,type,currentPrice,totalCash,totalCashPerShare,ebitda,totalDebt,quickRatio,currentRatio,totalRevenue,debtToEquity,revenuePerShare,returnOnAssets,returnOnEquity,grossProfits,freeCashflow,operatingCashflow,earningsGrowth,revenueGrowth,earningsGrowthAnnual,revenueGrowthAnnual,grossMargins,ebitdaMargins,operatingMargins,profitMargins,financialCurrency
2025-12-31,yearly,,,,,,0.07943649644641582,1.085589614108888,319462100000,11.683660575076175,,0.006835421,0.08669816,101010720000,-9138946000,159254090000,-0.42471588,0.16802904,-0.42471588,0.16802904,0.31619,,,0.05253186,
2024-12-31,yearly,,,,,,0.08980192378630902,1.0831960973860915,273505270000,12.019794574729394,,0.012161308,0.15833774,104514445000,33715284000,127208096000,-0.120426774,0.030389927,-0.120426774,0.030389927,0.38212955,,,0.106658146,
2023-12-31,yearly,,,,,,0.0791824849756836,1.0876481455736329,265438610000,11.409254507956515,,0.0153980795,0.19107868,88748730000,36381856000,14740786000,0.11109976,0.12212926,0.11109976,0.12212926,0.3343475,,,0.12494637,
2022-12-31,yearly,,,,,,0.08887608959846152,1.0884054173351514,236549050000,11.311524000943603,,0.014867221,0.18303815,74346570000,48047110000,66057340000,0.51343775,0.87816024,0.51343775,0.87816024,0.31429663,,,0.12618667,
2021-12-31,yearly,,,,,,0.07414810947794097,1.0833377295042939,125947216000,11.99936698477581,,0.010384062,0.13498624,59674080000,-98266150000,-44779880000,0.48371652,0.27658212,0.48371652,0.27658212,0.4738023,,,0.15659632,
2020-12-31,yearly,,,,,,0.15102694881752948,1.0816518384060965,98659705000,12.247121675650295,,0.007847993,0.103963315,55427584000,111267725000,206975320000,-0.18930492,-0.19857481,-0.18930492,-0.19857481,0.56180567,,,0.13473468,
2019-12-31,yearly,,,,,,0.05642690685981085,1.0819278577235896,123105320000,12.205860470242348,,0.013006095,0.17175668,33851460000,27955591000,58542666000,0.18594699,0.02374197,0.18594699,0.02374197,0.27497968,,,0.15343219,
2018-12-31,yearly,,,,,,0.05201350083569831,1.0809153292664662,120250340000,12.358597673215327,,0.0108027365,0.14430942,38089520000,23186596000,28442399000,0.30080554,-0.13961624,0.30080554,-0.13961624,0.31675187,,,0.1254558,
2017-12-31,yearly,,,,,,0.1405199266546431,1.0808719224427195,139763610000,12.365230970097027,,0.009072153,0.12125142,30365348000,-53306724000,-46925242000,0.51250446,-0.16826802,0.51250446,-0.16826802,0.2172622,,,0.08782904,
2016-12-31,yearly,,,,,,0.16610929386820306,1.0694425881155174,168039240000,14.400384938656162,,0.006242416,0.0961356,33508053000,10963921000,4385042000,-0.50053376,-0.07857503,-0.50053376,-0.07857503,0.19940612,,,0.051533066,
2015-12-31,yearly,,,,,,0.16605738473794926,1.0661966110509387,182368880000,15.106513522731477,,0.011374787,0.18320817,22464846000,26794508000,28068706000,0.18699637,0.3236372,0.18699637,0.3236372,0.12318355,,,0.086626835,
2014-12-31,yearly,,,,,,0.14112874321403485,1.0716360004807928,137778600000,13.95946162946553,,0.010439801,0.15617381,31869184000,-25173838000,-26775724000,0.13556439,0.31741908,0.13556439,0.31741908,0.23130721,,,0.09684738,
2013-12-31,yearly,,,,,,0.16413712094900706,1.0703472035168116,104582210000,14.215206149040752,,0.0097136,0.14779444,30205323000,-9808957000,-10716026000,-0.07183546,-0.031030549,-0.07183546,-0.031030549,0.28881893,,,0.1079422,
2012-12-31,yearly,,,,,,0.21559376513007575,1.0655638577801558,107931380000,15.252305673548529,,0.010068772,0.16364077,35720593000,-4923469000,8734426000,-0.11323205,0.009461488,-0.11323205,0.009461488,0.33095652,,,0.1059766,
2011-12-31,yearly,,,,,,0.2179533131654295,1.0700226396916392,106919760000,14.281095434329968,,0.013173984,0.20131291,36943684000,13297083000,27764200000,0.1226905,0.2557638,0.1226905,0.2557638,0.3455272,,,0.119125895,
2010-12-31,yearly,,,,,,0.20370432121788679,1.0727136199564837,85143210000,13.752581711630672,,0.014113186,0.20820592,34367463000,-34463355000,-23183892000,,,,,0.403643,,,0.13307397,
