endDate,type,currentPrice,totalCash,totalCashPerShare,ebitda,totalDebt,quickRatio,currentRatio,totalRevenue,debtToEquity,revenuePerShare,returnOnAssets,returnOnEquity,grossProfits,freeCashflow,operatingCashflow,earningsGrowth,revenueGrowth,earningsGrowthAnnual,revenueGrowthAnnual,grossMargins,ebitdaMargins,operatingMargins,profitMargins,financialCurrency
2025-12-31,yearly,,,,,,0.1417213462552427,1.0831785883755116,270183100000,12.022324729598392,,0.010266642,0.13369554,76339356000,-2703784000,-62534000000,0.363837,0.267158,0.363837,0.267158,0.28254676,,,0.08854971,
2024-12-31,yearly,,,,,,0.16721892129771554,1.0888907364111184,213219740000,11.249766177827732,,0.008476492,0.103835054,68940590000,45214937000,50228486000,0.20957293,-0.050067544,0.20957293,-0.050067544,0.32333118,,,0.08227265,
2023-12-31,yearly,,,,,,0.16830763519833705,1.094866946099477,224457790000,10.541079281200895,,0.007524042,0.08683556,68081738000,83428610000,-177628000,-0.31646174,0.09005981,-0.31646174,0.09005981,0.30331644,,,0.06461244,
2022-12-31,yearly,,,,,,0.1341708122052947,1.0967418756107985,205913280000,10.336785323690556,,0.011789848,0.13365898,74602020000,23987667000,41766350000,-0.09253779,0.6414832,-0.09253779,0.6414832,0.36229825,,,0.10303947,
2021-12-31,yearly,,,,,,0.10404451262318627,1.0984884460351942,125443430000,10.15347525782522,,0.013953922,0.15563473,70322110000,-122356646000,-92899320000,0.4582051,0.27445444,0.4582051,0.27445444,0.56058824,,,0.18638524,
2020-12-31,yearly,,,,,,0.07377435936772837,1.100180823732876,98429120000,9.98195026491715,,0.009992162,0.109733425,49853430000,162895090000,142432580000,-0.23731421,-0.20817329,-0.23731421,-0.20817329,0.50649065,,,0.16289856,
2019-12-31,yearly,,,,,,0.28911936309275327,1.1090469031169368,124306390000,9.170365883088367,,0.01535929,0.1562096,65688410000,-34780717000,-19453968000,0.26767558,0.1044847,0.26767558,0.1044847,0.5284395,,,0.17033081,
2018-12-31,yearly,,,,,,0.29924684188552286,1.1055801023854004,112546955000,9.471481627756782,,0.012828708,0.13433558,57302286000,-40982340000,-6497318000,-0.029576875,-0.18322441,-0.029576875,-0.18322441,0.50914115,,,0.1488129,
2017-12-31,yearly,,,,,,0.43632717808374155,1.1063503984106406,137794220000,9.402879678351518,,0.014141834,0.1471158,62204817000,17321824000,35551790000,-0.04498004,-0.15418264,-0.04498004,-0.15418264,0.4514327,,,0.12565552,
2016-12-31,yearly,,,,,,0.367045115409225,1.097077136286598,162912500000,10.301086726000317,,0.015094194,0.17058079,71875120000,63111557000,53959217000,-0.013161597,0.42155898,-0.013161597,0.42155898,0.44118848,,,0.11044411,
2015-12-31,yearly,,,,,,0.37338626237370626,1.097153081794936,114601296000,10.293034266383149,,0.017763555,0.20060444,43189080000,-70404310000,-58443010000,0.18400088,0.14919025,0.18400088,0.14919025,0.3768638,,,0.15914223,
2014-12-31,yearly,,,,,,0.31231205179404997,1.0970240020977193,99723520000,10.306728009352087,,0.016568823,0.18733917,45876190000,77973996000,81417350000,0.23548256,0.2834735,0.23548256,0.2834735,0.4600338,,,0.1545922,
2013-12-31,yearly,,,,,,0.3019860292892443,1.0941047444000391,77698154000,10.626456788926609,,0.014894566,0.17317101,36316017000,76645835000,99832510000,0.09780305,-0.10835056,0.09780305,-0.10835056,0.4673987,,,0.16070057,
2012-12-31,yearly,,,,,,0.34718991747660527,1.0977561653178625,87139800000,10.229533827850295,,0.014168601,0.15910678,46547670000,6815146000,51612398000,0.030435696,0.06107206,0.030435696,0.06107206,0.53417236,,,0.13026991,
2011-12-31,yearly,,,,,,0.35554753576224263,1.0896056519306596,82124300000,11.160010316914377,,0.01535749,0.18674724,37994130000,-20377930000,-37060630000,0.10246706,0.23052329,0.10246706,0.23052329,0.46264175,,,0.13503242,
2010-12-31,yearly,,,,,,0.355880925328786,1.0927129181487338,66739330000,10.78598344187332,,0.016671576,0.19649091,35055480000,-57648570000,-27846457000,,,,,0.5252597,,,0.15061873,
