endDate,type,currentPrice,totalCash,totalCashPerShare,ebitda,totalDebt,quickRatio,currentRatio,totalRevenue,debtToEquity,revenuePerShare,returnOnAssets,returnOnEquity,grossProfits,freeCashflow,operatingCashflow,earningsGrowth,revenueGrowth,earningsGrowthAnnual,revenueGrowthAnnual,grossMargins,ebitdaMargins,operatingMargins,profitMargins,financialCurrency
2025-12-31,yearly,,10044854000,5.1740255,9867099000,3806319000,,1.2780349,0,0.36654228,,0.39039952,0.86835396,0,9338969000,3710770000,0.03607529,,0.03607529,,,,,,
2024-12-31,yearly,,8508976000,4.254488,9758535000,3642282000,,1.1966472,0,0.37567034,,0.40264246,0.89767665,0,9397103000,4223583000,0.095146686,,0.095146686,,,,,,
2023-12-31,yearly,,4752742000,2.376371,8907070000,2978034000,,1.083177,0,0.3033708,,0.43492404,0.8095775,0,6261403000,3697841000,0.3147671,,0.3147671,,,,,,
2022-12-31,yearly,,6076618000,3.038309,3681904100,2025563000,1.1095439,1.1095439,0,0.26665825,,0.37474483,0.7957465,0,5911808000,3275011000,0.5368008,,0.5368008,,,,,,
2021-12-31,yearly,,4090561000,2.0452805,3101845000,2033528100,1.2816395,1.2816395,0,0.27927646,,0.29541472,0.540172,0,3885791000,2825755000,0.021410258,,0.021410258,,,,,,
2020-12-31,yearly,,2440546000,1.220273,2901000000,1657388000,1.2683129,1.2683129,0,0.25938818,,0.35327214,0.60266185,0,3076715000,2284693000,-0.4217003,,-0.4217003,,,,,,
2019-12-31,yearly,,7667593000,3.8337965,6277176000,1462065000,1.0636013,1.0636013,0,0.27855468,,0.44610325,1.2686403,0,7185183700,925384000,0.8812491,,0.8812491,,,,,,
2018-12-31,yearly,,6056247000,3.0281236,2487261000,1228043000,1.2798624,1.2798624,0,0.17979118,,0.25873694,0.51820695,0,5897613000,1470424100,-0.12587334,,-0.12587334,,,,,,
2017-12-31,yearly,,4118543900,2.059272,2431478000,1158209000,1.5238528,1.5238528,0,0.13015822,,0.3036688,0.45504957,0,4755165000,1671071000,0.008817715,,0.008817715,,,,,,
2016-12-31,yearly,,2174973000,1.0874865,2205903000,1148131000,1.0430455,1.0430455,0,0.13851152,,0.32002503,0.4842346,0,3990159000,1667507000,-0.046009064,,-0.046009064,,,,,,
2015-12-31,yearly,,1561130000,0.780565,2247550000,1221723000,0.9584013,0.9584013,0,0.16116084,,0.36600122,0.55501395,0,2877132000,1024983000,0.21718769,,0.21718769,,,,,,
2014-12-31,yearly,,2095076000,1.047538,1948614000,1026776000,2.0700026,2.0700026,0,0.12957825,,0.3329278,0.43623045,0,2704032000,1525207000,0.3973442,,0.3973442,,,,,,
2013-12-31,yearly,,1788330000,0.894165,1386766000,273977000,1.6290953,1.6290953,0,0.039470714,,0.28157285,0.35638306,0,1915493000,1116481000,,,,,,,,,
2012-12-31,yearly,,1328329000,0.68421185,0,269654020,1.3731976,1.3731976,0,0.047824785,,0.0,0.0,0,0,0,,,,,,,,,
