endDate,type,currentPrice,totalCash,totalCashPerShare,ebitda,totalDebt,quickRatio,currentRatio,totalRevenue,debtToEquity,revenuePerShare,returnOnAssets,returnOnEquity,grossProfits,freeCashflow,operatingCashflow,earningsGrowth,revenueGrowth,earningsGrowthAnnual,revenueGrowthAnnual,grossMargins,ebitdaMargins,operatingMargins,profitMargins,financialCurrency
2025-12-31,yearly,,15031400000,15.023334,4822768000,28053967000,1.1332934,1.3423086,54830070000,14.818123,,0.018490052,0.44805145,9512810000,3500038000,4702753000,1.5199729,0.60938936,1.5182791,0.60938936,0.17349622,0.08795845,0.07018687,0.015470708,
2024-12-31,yearly,,14460929000,23.812489,3096556000,30590884000,1.2276064,1.4756805,34068865000,350.7445,,-0.037108105,-17.93006,7003263000,90541000,6556461000,-4.701929,0.2668958,-4.714027,0.2668958,0.20556197,0.090891086,0.071263745,-0.045901325,
2023-12-31,yearly,,12678589000,20.877548,2562624000,21982657000,1.6537004,1.8607392,26891608000,33.32978,,0.013832653,0.5997013,5513549000,213619010,2697487900,-0.35473913,-0.13190627,-0.35473913,-0.13190627,0.20502861,0.09529456,0.076239325,0.0147084175,
2022-12-31,yearly,,7071463000,11.64442,2837760000,14285831000,1.3934333,1.5974333,30977770000,13.445551,,0.030610286,0.6165337,5737417000,1476548000,3134692000,0.08959072,0.14879867,0.08959072,0.14879867,0.18521078,0.091606334,0.078224964,0.02114626,
2021-12-31,yearly,,7302009000,12.024055,2382204000,13665377000,1.6097279,1.9019613,26965360000,20.890888,,0.029840311,0.9155337,4645023700,2026140000,2594661000,-0.14088954,0.38951263,-0.14088954,0.38951263,0.17225891,0.08834312,0.0754827,0.022209197,
2020-12-31,yearly,,6391429000,11.628623,2102435100,11887081000,1.6086451,1.7646825,19406344000,14.150074,,0.041191373,0.82980025,3834923000,2847729000,3223827000,42.14489,0.13336112,42.14489,0.13336112,0.19761182,0.108337514,0.0924323,0.03592083,
2019-12-31,yearly,,4469687000,9.181988,1726076000,10755001000,1.3423451,1.4693112,17122825000,-38.184067,,0.0012208947,-0.057363078,3292561000,1510829000,1757892000,1.0127746,0.055992667,1.0127746,0.055992667,0.19229075,0.100805566,0.08538789,0.0009435943,
2018-12-31,yearly,,4396985000,11.671549,896243970,10781189000,1.2440057,1.3596349,16214909000,-35.804344,,-0.09862293,4.200343,2848293000,1140793000,1329883000,-3.5006351,0.33965564,-3.5060868,0.33965564,0.1756589,0.055272836,0.04159826,-0.07800118,
2017-12-31,yearly,,3807342000,17.026064,1134561000,10074488000,1.6794162,1.8625343,12103789000,141.74048,,-0.023576258,-3.948999,2237053000,-795875970,588213000,-2.442105,0.25445154,-2.4403603,0.25445154,0.18482254,0.09373602,0.08175465,-0.02318968,
2016-12-31,yearly,,3397870000,14.782329,967353000,7023104000,1.851572,2.0132422,9648670000,13.452496,,0.02176937,0.37358233,1885342000,402505980,582107000,1.2433709,0.013005316,1.2436012,0.013005316,0.19539917,0.10025765,0.09192832,0.020213667,
2015-12-31,yearly,,2749928000,11.465454,996528000,7197926000,1.5048629,1.6477131,9524797000,-18.805964,,-0.09624042,2.090036,1922858000,597471000,959266000,-0.9145346,0.3631721,-0.91277045,0.3631721,0.20187916,0.10462459,0.09677392,-0.083986565,
2014-12-31,yearly,,2474380000,13.90085,652883000,5519325000,1.9451646,2.1851573,6987230000,11.485362,,-0.05788916,-0.8702848,1353575000,-11716000,341415000,-0.33206782,0.28051782,-0.33069658,0.28051782,0.19372126,0.09343946,0.08494826,-0.05985462,
2013-12-31,yearly,,1563849000,10.495624,517233980,3712853000,1.9042491,2.122448,5456566000,8.369293,,-0.06313307,-0.7084427,1125856000,296750020,474788000,-0.61759645,0.24582233,-0.58076733,0.24582233,0.20633051,0.09479112,0.084213585,-0.05759758,
2012-12-31,yearly,,1288753900,8.792451,469441000,3061490000,1.9447844,2.1463122,4379891000,4.058679,,-0.045526605,-0.26357704,915675000,196143010,417300000,-5.278635,0.101311624,-5.382726,0.101311624,0.20906343,0.107180975,0.095533885,-0.045393366,
2011-12-31,yearly,,746382000,7.12742,327725000,2446294000,1.564845,1.7365489,3976977000,3.9928412,,0.011921327,0.06808723,600481000,-189240990,-10586000,1.1731257,0.16688316,1.1731257,0.16688316,0.15098931,0.08240555,0.07099512,0.010489123,
2010-12-31,yearly,,576464000,5.4518657,247687980,1784186000,2.0875509,2.3900223,3408205000,3.3023787,,0.008711929,0.042382278,647996030,-255612000,-49437000,,,,,0.19012824,0.07267403,0.06421826,0.0067184926,
