endDate,type,currentPrice,totalCash,totalCashPerShare,ebitda,totalDebt,quickRatio,currentRatio,totalRevenue,debtToEquity,revenuePerShare,returnOnAssets,returnOnEquity,grossProfits,freeCashflow,operatingCashflow,earningsGrowth,revenueGrowth,earningsGrowthAnnual,revenueGrowthAnnual,grossMargins,ebitdaMargins,operatingMargins,profitMargins,financialCurrency
2025-12-31,yearly,,,,,,0.38736081232035946,1.1101408427713306,28145818000,9.079284076989994,,0.020590352,0.20753601,28145818000,-28804536000,-26619144000,0.48961917,-0.18794562,0.48961917,-0.18794562,1.0,,,0.5920525,
2024-12-31,yearly,,,,,,0.39295025354246094,1.112920858102171,34660016000,8.855759837524419,,0.017067406,0.16821225,13473884000,2283157000,7819027000,0.076616816,0.40795216,0.076616816,0.40795216,0.38874432,,,0.31968954,
2023-12-31,yearly,,,,,,0.4131178684769148,1.1285265883206255,24617325000,7.780491282514846,,0.020711841,0.18186015,22337080000,-17159816000,-16500346000,0.31941527,0.09242556,0.31941527,0.09242556,0.90737236,,,0.4165668,
2022-12-31,yearly,,,,,,0.3956834234310354,1.1225302380393296,22534556000,8.161250773698995,,0.017661873,0.16180485,17883590000,18953146000,21105717000,0.055211484,1.27746,0.055211484,1.27746,0.79360735,,,0.35590646,
2021-12-31,yearly,,,,,,0.5151767136633982,1.1448098720510556,9894600000,6.905606543505751,,0.02001697,0.1582463,9747050000,5275362000,16275980000,0.6386285,-0.46928674,0.6386285,-0.46928674,0.9850878,,,0.7139723,
2020-12-31,yearly,,,,,,0.6207425190070628,1.1361762770001218,18643966000,7.343422966388672,,0.017528256,0.14624566,6103412000,-22498940000,-22779673000,0.0874768,0.59648937,0.0874768,0.59648937,0.32736662,,,0.22961429,
2019-12-31,yearly,,,,,,0.6474968550626183,1.1520218853554278,11678102000,6.578000250832277,,0.024367664,0.18465815,4756172000,-6894629000,-9567473000,0.65534085,0.34641698,0.65534085,0.34641698,0.4072727,,,0.34709552,
2018-12-31,yearly,,,,,,0.9337949314165713,1.168995824671081,8673466000,5.917305956796949,,0.018411832,0.12736027,2699413000,-6666236000,-6703540000,0.023117479,-0.022341779,0.023117479,-0.022341779,0.31122655,,,0.2801843,
2017-12-31,yearly,,,,,,0.6991830992869547,1.1914647140886045,8871675000,5.22289448873189,,0.02021974,0.12582532,3863348000,4909959000,3868837000,-0.49832767,-0.3175853,-0.49832767,-0.3175853,0.43546996,,,0.26773512,
2016-12-31,yearly,,,,,,0.7314790640925389,1.1820724229072384,13000416000,5.492319946274764,,0.05539288,0.35962832,7328211000,24079448000,18479660000,5.4258847,0.11406562,5.4258847,0.11406562,0.5636905,,,0.47469157,
2015-12-31,yearly,,,,,,0.3580187641075427,1.0908891919200616,11669345000,11.002408304823684,,-0.00035019207,-0.004203148,-3601823000,-3961323000,-8771932000,-0.6519678,0.0036816627,-0.6519678,0.0036816627,-0.30865684,,,-0.007292269,
2014-12-31,yearly,,,,,,0.6440845586565052,1.1089540783427316,11626540000,9.178178689689314,,0.012054549,0.122693345,1740714000,-847952000,711899000,-0.14557937,0.31724375,-0.14557937,0.31724375,0.149719,,,0.16351795,
2013-12-31,yearly,,,,,,0.7113624283685763,1.1185942649853893,8826415000,8.432110946707242,,0.021381894,0.2016764,2602399000,-19229989000,-19929256000,0.16165711,0.0940278,0.16165711,0.0940278,0.29484212,,,0.2928506,
2012-12-31,yearly,,,,,,0.8560933067881962,1.0916169303585648,8067816000,10.915013154078196,,0.017312545,0.2062792,3153275000,-4943369000,-4385573000,0.5982194,0.5315171,0.5982194,0.5315171,0.39084616,,,0.26700237,
2011-12-31,yearly,,,,,,0.7981664194153221,1.086299023326974,5267859000,11.587616654839175,,0.016258413,0.20465466,1271856000,-17069815000,-16713051000,,,,,0.24143699,,,0.25429,
2010-12-31,yearly,,,,,,1.025827914216458,1.1378026559652343,3096264000,,,0.0,,748403970,-17902570000,-17471486000,,,,,0.24171194,,,0.0,
