endDate,type,currentPrice,totalCash,totalCashPerShare,ebitda,totalDebt,quickRatio,currentRatio,totalRevenue,debtToEquity,revenuePerShare,returnOnAssets,returnOnEquity,grossProfits,freeCashflow,operatingCashflow,earningsGrowth,revenueGrowth,earningsGrowthAnnual,revenueGrowthAnnual,grossMargins,ebitdaMargins,operatingMargins,profitMargins,financialCurrency
2025-12-31,yearly,,18402000,0.04681292,471908000,3968000,1.6247667,1.6247667,0,0.000518844,,0.06837788,0.07152319,0,670015000,670015000,-0.5411933,,-0.5411933,,,,,,
2024-12-31,yearly,,287950020,0.7325172,1134569000,2105000,2.9701345,2.9701345,0,0.00024813262,,0.13851796,0.14053477,0,788942000,790041000,-0.37140355,,-0.37140355,,,,,,
2023-12-31,yearly,,246204000,0.62631935,1828846000,493000,4.4008865,4.4008865,0,6.293066e-05,,0.24036868,0.24210039,0,989162000,989166000,-0.4912059,,-0.4912059,,,,,,
2022-12-31,yearly,,408700000,1.0396936,3646379000,977000,1.1127106,1.1127106,0,0.00013066737,,0.4623747,0.49855217,0,1259313000,1259442000,-0.5386119,,-0.5386119,,,,,,
2021-12-31,yearly,,294709000,0.7497114,8017274000,972000,5.889233,5.889233,0,0.00012955147,,1.0695591,1.0768313,0,4252450000,4252450000,4.50714,,4.50714,,,,,,
2020-12-31,yearly,,62563000,0.17976114,1460597000,7843000,11.800608,11.800608,0,0.0006968576,,0.12985237,0.13034888,0,978546000,978546000,4.6384587,,4.6384587,,,,,,
2019-12-31,yearly,,201184990,0.5780612,-415617980,230858000,1.7638117,1.7638117,0,0.024146168,,-0.039897382,-0.042172693,0,121074000,121191000,-1.3386883,,-1.3386883,,,,,,
2018-12-31,yearly,,459811000,1.3211668,1234255000,216526000,1.2334125,1.2334125,0,0.021739898,,0.11194832,0.11952958,0,1143818000,-782477000,-0.48870093,,-0.48870093,,,,,,
2017-12-31,yearly,,1671661000,4.8031535,2609791000,1751927000,0.72301745,0.72301745,0,0.19894679,,0.20564115,0.26440755,0,1424563000,-55862000,2.699809,,2.699809,,,,,,
2016-12-31,yearly,,1792240000,5.1273084,781880000,2136487900,7.8798213,7.8798213,0,0.27006844,,0.06123596,0.07955125,0,61083000,61083000,1.2429537,,1.2429537,,,,,,
2015-12-31,yearly,,377977000,1.0813309,-2476513000,1742968100,11.022951,11.022951,0,0.22014976,,-0.26719418,-0.32717416,0,386756000,386756000,-26.524483,,-26.524483,,,,,,
2014-12-31,yearly,,312003000,0.89259,57595000,1611121000,0.78110516,0.78110516,0,0.18025531,,0.0095748445,0.011354112,0,597955000,597955000,3.1271248,,3.1271248,,,,,,
2013-12-31,yearly,,258678000,0.74003583,19594000,1791083000,33.3916,33.3916,0,0.1982553,,-0.0043935925,-0.005280918,0,414729000,414729000,-1.100074,,-1.100074,,,,,,
2012-12-31,yearly,,254204990,0.72723925,570435970,1683653000,0.873054,0.873054,0,0.18072034,,0.043101396,0.051172107,0,557132030,557132030,-0.76440585,,-0.76440585,,,,,,
2011-12-31,yearly,,263983010,0.7552126,2167706000,1598369000,0.9444061,0.9444061,0,0.1842574,,0.18842274,0.2332718,0,637699000,637709000,0.1498722,-1.0,0.1498722,-1.0,,,,,
2010-12-31,yearly,,955726000,2.734177,2786688000,5878070000,1.5761225,1.7531075,4831326000,0.8370443,,0.12465574,0.25350833,2871744000,272439000,2101464100,,,,,0.59440076,0.5767957,0.5078103,0.36847854,
