endDate,type,currentPrice,totalCash,totalCashPerShare,ebitda,totalDebt,quickRatio,currentRatio,totalRevenue,debtToEquity,revenuePerShare,returnOnAssets,returnOnEquity,grossProfits,freeCashflow,operatingCashflow,earningsGrowth,revenueGrowth,earningsGrowthAnnual,revenueGrowthAnnual,grossMargins,ebitdaMargins,operatingMargins,profitMargins,financialCurrency
2025-12-31,yearly,,5604012000,12.063124,4651942000,26195644000,1.2923822,1.422167,11622991000,2.2248366,,0.033043362,0.11985752,3102534000,-561635000,4871974000,2.5513234,0.3319402,2.5513234,0.3319402,0.2669308,0.40023622,0.19067235,0.12141668,
2024-12-31,yearly,,5650687000,12.173461,3743474000,29443269000,1.519806,1.6927307,8726361000,2.7978134,,-0.020459162,-0.086442366,2328577000,2829670000,1854060000,-3.2448537,0.55273634,-3.2448537,0.55273634,0.266844,0.42898455,0.2861752,-0.10424632,
2023-12-31,yearly,,1908665000,7.9385796,1885969900,12179610000,0.9443029,1.1885158,5619989000,2.1885738,,0.021134097,0.07640757,1757959900,-7610047000,1008698000,1.7093449,2.262841,1.7093449,2.262841,0.31280488,0.3355825,0.22524421,0.07566118,
2022-12-31,yearly,,831795000,4.095744,550359040,2886332000,1.5515999,1.7618917,1722422000,0.66485816,,0.01602231,0.029419007,886878000,-266736000,90305000,166.2696,1.3666177,8.353323,1.3666177,0.5149017,0.31952623,0.15736967,0.07414908,
2021-12-31,yearly,,2508099000,12.379984,532413000,711846000,4.757474,4.786797,727799000,0.17048386,,0.0029322556,0.0038297714,408269000,-2266550000,62839000,0.99650896,2.5632057,1.0578274,2.5632057,0.5609639,0.73153853,0.57027423,0.021971725,
2020-12-31,yearly,,705462000,6.44232,-132719000,927019000,6.6986227,6.7401123,204254000,0.860662,,-0.13111503,-0.25673565,98019000,-1320149000,55547000,-7.1096473,5.304136,-7.6507535,5.304136,0.47988778,-0.6497743,-0.8438121,-1.3538535,
2019-12-31,yearly,,63573000,0.23916985,-8048000,123928000,2.7144976,2.7144976,32400000,0.5233601,,-0.080631815,-0.13499555,16369000,-15978000,-6363000,-1.0751748,-0.959358,-1.0751748,-0.959358,0.50521606,-0.24839506,-0.4716358,-0.9866049,
2018-12-31,yearly,,1930240000,7.2618127,560738000,557179000,9.875528,9.932114,797203970,0.17414092,,0.10782768,0.13289903,338652000,432577980,588467000,0.18984826,0.5889229,0.18984826,0.5889229,0.42479968,0.7033808,0.52764916,0.5333918,
2017-12-31,yearly,,1893190900,7.1224294,407986980,549203000,7.370481,7.3732753,501726020,0.17658636,,0.09090407,0.11490751,274012000,73350000,428777000,1.3373425,0.053041846,1.3373425,0.053041846,0.5461387,0.81316686,0.6823365,0.7122911,
2016-12-31,yearly,,1210035000,4.552308,188960000,565798000,5.6274576,5.633516,476454020,0.20355031,,0.042907655,0.055006266,235722000,-85574000,341772000,0.6332988,-0.039778918,0.6332988,-0.039778918,0.4947424,0.39659652,0.2546017,0.3209082,
2015-12-31,yearly,,1122186000,4.221809,-75045000,595603000,8.446568,8.465964,496192000,0.2214825,,0.027290327,0.034811176,243338000,-53637000,431472000,-0.43625644,-0.0139895715,-0.43625644,-0.0139895715,0.49041098,-0.15124185,-0.3960362,0.18866286,
2014-12-31,yearly,,1128608000,4.2459693,216448990,532014020,11.619862,12.112389,503232000,0.21037968,,0.05236605,0.0656652,267844000,-268799000,348468000,-0.13621373,0.035269335,-0.13621373,0.035269335,0.53224754,0.43011773,0.19640246,0.329979,
2013-12-31,yearly,,1005719000,3.7836452,222919010,396798020,5.2906837,5.4950833,486088000,0.16471092,,0.06325163,0.07979969,276189000,-659779000,376440000,1.3311102,0.051442165,1.3311102,0.051442165,0.56818724,0.45859802,0.2584573,0.39548805,
2012-12-31,yearly,,952269000,91.555504,122940000,116462000,12.147734,12.252464,462305980,0.052276757,,0.03388109,0.037017737,279505000,-8599000,254332000,-0.104941554,0.5996359,-0.104941554,0.5996359,0.60458875,0.26592776,0.08656821,0.17838402,
2011-12-31,yearly,,1152430000,110.799904,90463000,210604000,3.1687148,3.1822774,289007000,0.09679547,,0.033753242,0.042346984,160284990,-413031000,194219010,1.5884815,1.0317979,1.5884815,1.0317979,0.5546059,0.31301317,0.12752979,0.31880543,
2010-12-31,yearly,,137224990,13.1934395,65774000,360107000,1.4906296,1.4906296,142242000,0.5786683,,0.033747654,0.057198826,85084000,10688000,90086000,,,,,0.59816366,0.46240914,0.2525766,0.25024253,
