endDate,type,currentPrice,totalCash,totalCashPerShare,ebitda,totalDebt,quickRatio,currentRatio,totalRevenue,debtToEquity,revenuePerShare,returnOnAssets,returnOnEquity,grossProfits,freeCashflow,operatingCashflow,earningsGrowth,revenueGrowth,earningsGrowthAnnual,revenueGrowthAnnual,grossMargins,ebitdaMargins,operatingMargins,profitMargins,financialCurrency
2025-12-31,yearly,,11837000000,14.848074,2865999900,66431000000,0.49796113,0.757074,70717000000,-4.0256333,,-0.13386826,0.66422254,1556000000,-7147000000,-4200000000,0.12720847,-0.0864735,0.0905244,-0.0864735,0.022003196,0.040527735,-0.025552556,-0.1549981,
2024-12-31,yearly,,16772000000,21.03843,3870999800,79859000000,0.82587004,1.310024,77411000000,-18.667368,,-0.11865124,2.8172042,5997000000,-1050000000,2435000000,-1.4721557,0.096954755,-1.4646217,0.096954755,0.07746961,0.050005812,-0.013938589,-0.15568846,
2023-12-31,yearly,,19143000000,24.01256,2414000100,65997000000,1.016943,1.5285784,70569000000,20.127174,,-0.053302232,-1.4913083,3021000000,-6797000000,-2272000000,-12.641089,-0.26886111,-4.9605722,-0.26886111,0.042809166,0.034207653,-0.039564114,-0.06929388,
2022-12-31,yearly,,14761971000,18.517094,9005238000,59009946000,0.8446303,1.4247386,96519280000,9.660748,,-0.009317452,-0.13430941,11358736000,4004466000,8951739000,-1.0240028,-0.08620973,-1.0586624,-0.08620973,0.1176836,0.09329989,0.044261344,-0.008499763,
2021-12-31,yearly,,12173396000,15.270041,30221982000,62510514000,0.91127956,1.5596645,105625200000,10.076119,,0.15083148,2.2504847,32056970000,11405809000,14786485000,3.089888,0.8042176,2.9934905,0.8042176,0.30349737,0.28612474,0.24656567,0.13218077,
2020-12-31,yearly,,17490080000,21.938875,3976189000,62882198000,0.90909344,1.2044258,58543493000,-16.263262,,-0.0814938,1.814373,11212080000,3571164000,6292991000,-1.3919759,0.11887517,-1.4215987,0.11887517,0.1915171,0.06791855,-0.00122801,-0.11983067,
2019-12-31,yearly,,8491384000,10.651262,3575687000,48743092000,0.97214574,1.4423609,52323525000,12.356585,,-0.042521853,-0.73439515,6644022000,-401144000,2265275000,-1.9758936,-0.097868204,-2.010569,-0.097868204,0.12697963,0.06833804,-0.0010813109,-0.05536655,
2018-12-31,yearly,,7905250000,9.9160385,11294520000,30904044000,0.5579346,0.92506254,57999868000,5.228009,,0.04911327,0.4918101,11592371000,6762053000,9250370000,-0.2978981,0.17740905,-0.2978981,0.17740905,0.19986892,0.19473355,0.14317176,0.050124425,
2017-12-31,yearly,,6077765000,7.623712,12287917000,29698249000,0.5823785,0.94014937,49260593000,5.2190547,,0.077487834,0.7263738,12859846000,55219000,2461620000,10.922887,0.03349705,6.599296,0.03349705,0.26105747,0.2494472,0.18999085,0.083907254,
2016-12-31,yearly,,7892347000,9.899273,8634346000,29657297000,0.4782573,0.7056184,47663990000,17.235498,,-0.014071227,-0.4237768,12723369000,1905418000,4746292000,-1.131029,0.008057759,-1.2322054,0.008057759,0.2669388,0.18115032,0.12485835,-0.015298698,
2015-12-31,yearly,,7440895000,9.333022,9167120000,43909890000,0.7182062,1.0489298,47282995000,32.824646,,0.048344187,2.1669703,10380910000,4051891000,8125397000,2.63435,0.02719025,2.63435,0.02719025,0.2195485,0.19387774,0.14914857,0.06130703,
2014-12-31,yearly,,4083087900,5.1213665,5625570000,30862650000,0.6669643,1.0481355,46031390000,5.235972,,0.014695979,0.12321986,5974047700,-1185210000,3791866000,0.69525033,0.12355292,0.69525033,0.12355292,0.12978204,0.122211605,0.077538565,0.015778385,
2013-12-31,yearly,,4422578000,5.5471845,4796009000,28318753000,0.73289305,1.1031517,40969490000,3.6866972,,0.010487676,0.06600911,5148729000,-2496409000,2457791000,1.6971235,0.15363479,1.690361,0.15363479,0.12567228,0.11706294,0.066877104,0.012375991,
2012-12-31,yearly,,3459768000,4.339544,3472379000,21679180000,0.6787173,1.0028206,35513397000,2.5022714,,-0.01793588,-0.08521722,3303439000,-262496000,2571811000,-0.3922767,0.07044929,-0.42850095,0.07044929,0.093019515,0.09777659,0.04332458,-0.020789478,
2011-12-31,yearly,,3157116000,3.9381957,3651333000,19733135000,0.7226388,1.1225159,33176160000,1.9829869,,-0.013836184,-0.05193726,3858209000,-88970000,2777500000,-1.2770746,0.30129036,-1.2726938,0.30129036,0.11629462,0.11005894,0.05817144,-0.015578627,
2010-12-31,yearly,,2860589000,3.5683072,4821315000,17331240000,0.6812265,1.0375966,25494817000,1.6651387,,0.05480344,0.18153661,4083042000,332785980,2720367000,,,,,0.16015184,0.18910961,0.12610254,0.07411251,
