endDate,type,currentPrice,totalCash,totalCashPerShare,ebitda,totalDebt,quickRatio,currentRatio,totalRevenue,debtToEquity,revenuePerShare,returnOnAssets,returnOnEquity,grossProfits,freeCashflow,operatingCashflow,earningsGrowth,revenueGrowth,earningsGrowthAnnual,revenueGrowthAnnual,grossMargins,ebitdaMargins,operatingMargins,profitMargins,financialCurrency
2025-12-31,yearly,,2661338000,0.92995834,8283724000,27035510000,1.0011951,1.0011951,42751283000,0.9459027,,0.07309798,0.17142494,7237316000,-2586380000,4076534000,-0.31188583,0.07362358,-0.31188583,0.07362358,0.16928886,0.1937655,0.1578972,0.11460748,
2024-12-31,yearly,,2256137000,0.78836787,11253960000,21074495000,0.8647496,0.8647496,39819620000,0.7696175,,0.11919746,0.25998855,8155876000,3120202000,5496902000,0.23469968,0.080593444,0.23469968,0.080593444,0.20482054,0.2826235,0.24806696,0.17878842,
2023-12-31,yearly,,2311464000,0.80770093,8504200000,19881780000,0.9065329,0.9065329,36849770000,0.8063932,,0.104851395,0.23389941,8383840300,2677034000,6644278000,0.4085611,0.069262035,0.4085611,0.069262035,0.22751404,0.23078027,0.19620545,0.15649582,
2022-12-31,yearly,,3185207000,1.4469199,6869261000,21637890000,1.2016947,1.2016947,34462806000,0.99332637,,0.07628662,0.18795928,6810793000,3406987000,6613083000,0.09089918,0.024272844,0.09089918,0.024272844,0.19762735,0.19932391,0.16502362,0.118805386,
2021-12-31,yearly,,2549296100,1.5054643,8000279000,23361583000,1.2116058,1.2116058,33646119000,1.2003835,,0.07210704,0.19283292,6722248000,5054555000,3683357000,0.30976847,0.33370146,0.30976847,0.33370146,0.19979267,0.23777717,0.20659652,0.11153943,
2020-12-31,yearly,,5040667000,2.9767215,5695349000,28974832000,1.5950317,1.5950317,25227624000,1.6578506,,0.05297629,0.16393341,5382873000,3532120000,8609107000,-0.08418756,-0.006407209,-0.08418756,-0.006407209,0.21337217,0.22575843,0.18655328,0.11357078,
2019-12-31,yearly,,1276096000,0.8747858,4067618000,28869984000,1.2762234,1.2811968,25390305000,1.816766,,0.06265286,0.19684725,5791633000,848250000,2036945000,0.83953875,0.14030623,0.83953875,0.14030623,0.22810411,0.16020359,0.122463435,0.12319951,
2018-12-31,yearly,,1594355000,1.0929577,3330490000,22719328000,1.1866697,1.1881922,22266216000,1.4253632,,0.029099032,0.10927143,4589025000,796809000,1007811970,0.69847864,0.025540434,0.69847864,0.025540434,0.20609811,0.14957593,0.11209345,0.07822223,
2017-12-31,yearly,,2088641000,1.4317993,3492175000,21617721000,0.9811695,0.9855718,21711690000,1.5085496,,0.023712257,0.06989438,4224570000,193488000,579575000,1.9938742,0.1565593,1.9938742,0.1565593,0.19457583,0.16084307,0.12170435,0.046131648,
2016-12-31,yearly,,2009320100,1.5961659,2639409000,22490946000,0.71946067,0.7237824,18772656000,1.7388511,,0.007963535,0.025880963,4343826000,599851000,1213383000,-0.8645598,-0.1183322,-0.8645598,-0.1183322,0.23139113,0.1405986,0.09615677,0.017831998,
2015-12-31,yearly,,3351378000,2.6622715,4931483000,21095700000,0.7143508,0.71720105,21292210000,1.6242859,,0.06043022,0.19010353,5509013000,-209600990,3007236000,-0.21301113,0.08969646,-0.21301113,0.08969646,0.25873372,0.23160973,0.1924015,0.11595804,
2014-12-31,yearly,,1881137000,1.4943397,6381316000,18882390000,0.6435135,0.6474536,19539579000,1.6732361,,0.08962579,0.2779722,6737095000,-564912000,3733930000,0.010562349,0.33583134,0.010562349,0.33583134,0.34479222,0.3265841,0.28559458,0.16054097,
2013-12-31,yearly,,3135398000,2.490701,5186139000,13491910000,1.1198006,1.1261715,14627280000,1.0675366,,0.1041068,0.24559005,4778523000,6017989000,3515260000,-0.2733886,-0.20763907,-0.2733886,-0.20763907,0.3266857,0.3545525,0.29824212,0.21219632,
2012-12-31,yearly,,4043614000,4.200405,5083158000,21527833000,0.8332758,0.83803505,18460375000,1.787423,,0.1047676,0.35467145,6076842000,1013974000,3114458000,0.7684841,0.16732705,0.7684841,0.16732705,0.329183,0.27535507,0.22115488,0.23139752,
2011-12-31,yearly,,3221477000,3.776563,5351492000,21264510000,0.6966043,0.70107704,15814227000,1.8105241,,0.06465728,0.20565864,5857403000,-118534000,3898189000,0.06974122,0.22940382,0.06974122,0.22940382,0.3703882,0.33839732,0.27899972,0.15273905,
2010-12-31,yearly,,3301551000,4.8380427,4542376000,17878909000,1.2562933,1.2627087,12863330000,1.557921,,0.06729011,0.19675408,4565759000,-1068237000,3456805000,,,,,0.35494378,0.353126,0.28350317,0.17553589,
