endDate,type,currentPrice,totalCash,totalCashPerShare,ebitda,totalDebt,quickRatio,currentRatio,totalRevenue,debtToEquity,revenuePerShare,returnOnAssets,returnOnEquity,grossProfits,freeCashflow,operatingCashflow,earningsGrowth,revenueGrowth,earningsGrowthAnnual,revenueGrowthAnnual,grossMargins,ebitdaMargins,operatingMargins,profitMargins,financialCurrency
2025-12-31,yearly,,1282892200,0.4276307,1986270000,8432252000,1.4580461,1.6611819,7016663000,0.6267119,,0.024293635,0.043555994,4827044000,532515000,1285616000,-0.28907874,0.09796743,-0.28907874,0.09796743,0.6879401,0.283079,0.18627359,0.08352047,
2024-12-31,yearly,,1332195000,0.444065,2040542000,8618684000,1.4570712,1.6061348,6390593000,0.6362937,,0.04097581,0.07320938,4277493000,628536000,867436030,2.7851663,0.09902236,2.7206724,0.09902236,0.6693421,0.31930402,0.21155596,0.15517043,
2023-12-31,yearly,,1791288100,0.597096,1399719000,10370167000,1.2282645,1.3581306,5814798000,0.81614506,,-0.020343563,-0.040244117,3705586000,1185708000,679847000,0.06815832,0.14190246,0.054796875,0.14190246,0.63726825,0.2407167,0.12591323,-0.08793994,
2022-12-31,yearly,,2128833000,0.709611,972998000,11270900000,1.1386307,1.2433968,5092202000,0.8511872,,-0.02049487,-0.040856592,3227319000,557127000,117347000,-0.08137997,0.06574744,-0.054607835,0.06574744,0.6337767,0.19107608,0.059562445,-0.10624048,
2021-12-31,yearly,,4026669000,1.342223,829959000,12912689000,1.6148883,1.7044872,4778057000,0.93769544,,-0.017991358,-0.037252016,2874347000,109999000,503600000,0.9157529,-0.09320053,0.9116426,-0.09320053,0.60157233,0.1737022,0.016409181,-0.10736268,
2020-12-31,yearly,,4181782000,1.3939273,-2421326800,13405825000,1.6924654,1.7620987,5269144000,0.9384439,,-0.18859921,-0.4064215,3322221000,-1277565000,256343010,-25.680056,-0.2501781,-25.6799,-0.2501781,0.6305049,-0.45952946,-0.61431366,-1.1018484,
2019-12-31,yearly,,825635000,0.4399618,2214678000,16259854000,1.4801472,1.6281573,7027194000,1.0268127,,0.0071101715,0.015319475,4217572000,440606020,419220000,-0.8324171,0.1594675,-0.8324171,0.1594675,0.60017866,0.31515822,0.1447148,0.03452132,
2018-12-31,yearly,,2583796000,1.5714148,1721676000,12600228000,2.024017,2.1684947,6060708000,0.7871782,,0.045451272,0.08701636,3791904000,-3660247000,1129440000,-0.25424477,0.090497084,-0.25424477,0.090497084,0.6256536,0.28407177,0.20540471,0.22981739,
2017-12-31,yearly,,1726540000,1.0500484,2111221000,2342269000,2.619481,2.6280577,5557748000,0.15401836,,0.10083244,0.123773664,3451858000,758593000,1826404000,0.009482285,0.05968481,0.009482285,0.05968481,0.62108934,0.37986988,0.30489093,0.33868322,
2016-12-31,yearly,,1343982000,0.8265217,2208005000,2725563000,2.0980136,2.123804,5244718000,0.19680059,,0.10593876,0.13463686,3087936000,1670785000,1820112000,0.33557022,-0.0038632052,0.33557022,-0.0038632052,0.5887706,0.42099595,0.34442252,0.35552627,
2015-12-31,yearly,,398232000,0.24490462,1875243000,3201606000,1.3720022,1.3988752,5265058000,0.25695714,,0.08390806,0.11205208,3024184000,491692000,911322000,0.3952968,0.39491135,0.3952968,0.39491135,0.5743876,0.35616758,0.28401777,0.26516974,
2014-12-31,yearly,,450764000,0.27736577,1290585000,3295122000,1.495388,1.5335271,3774475000,0.2878739,,0.06461245,0.08741607,2131345000,985287000,1204899000,0.9370038,0.87231326,0.9370038,0.87231326,0.56467324,0.34192437,0.27575147,0.26509646,
2013-12-31,yearly,,418932000,1.5590843,666962000,1094559000,1.7083086,1.7430452,2015942000,0.41797975,,0.12663655,0.19726321,1093554000,384310020,559596030,1.5567253,0.43425637,1.5567253,0.43425637,0.5424531,0.33084384,0.2771657,0.256243,
2012-12-31,yearly,,215620000,0.8024447,328991000,1175563000,1.4234976,1.4666469,1405566000,0.5233554,,0.05339542,0.08994909,642725000,-517158020,314151000,4.4058595,0.9134984,4.4058595,0.9134984,0.4572713,0.234063,0.17292394,0.14374565,
2011-12-31,yearly,,151347010,0.1794654,82171000,917920000,0.74527055,0.7831816,734553000,0.62217903,,0.012599141,0.025333298,241099010,-694797000,-2661000,2.2616885,0.22490624,2.2616885,0.22490624,0.3282255,0.11186531,0.051410858,0.050881285,
2010-12-31,yearly,,26168000,0.89006805,4031000,178888000,1.3605646,1.5020185,599681000,0.21917821,,-0.027058257,-0.036294866,165276990,86586000,-67999000,,,,,0.27560818,0.0067219073,-0.0522878,-0.04939793,
