endDate,type,currentPrice,totalCash,totalCashPerShare,ebitda,totalDebt,quickRatio,currentRatio,totalRevenue,debtToEquity,revenuePerShare,returnOnAssets,returnOnEquity,grossProfits,freeCashflow,operatingCashflow,earningsGrowth,revenueGrowth,earningsGrowthAnnual,revenueGrowthAnnual,grossMargins,ebitdaMargins,operatingMargins,profitMargins,financialCurrency
2025-12-31,yearly,,2905082000,2.5212157,13125725000,44615164000,0.9163001,0.9295339,44367780000,1.8981533,,0.07080836,0.24431708,14124196000,2763226000,7162797000,0.004887083,0.040807955,0.004887083,0.040807955,0.31834355,0.29583913,0.24915537,0.12943071,
2024-12-31,yearly,,3547055000,3.0783608,12807558000,43366600000,0.9400962,0.9528519,42628210000,1.9897473,,0.07470004,0.26435173,13568773000,1257561000,6788942000,-0.012565177,0.07259156,-0.012565177,0.07259156,0.31830502,0.30044794,0.25406247,0.13515824,
2023-12-31,yearly,,5532624000,4.801564,12477678000,39722918000,0.905754,0.91343254,39743190000,1.9862697,,0.07385716,0.27687538,13642089000,4259124000,8899917000,0.08383328,0.009883383,0.08383328,0.009883383,0.34325603,0.31395763,0.26619965,0.13932355,
2022-12-31,yearly,,4602402000,12.58655,11951151000,43412586000,1.0074302,1.0202205,39354237000,2.47507,,0.073353484,0.29753876,11836493000,2721095000,8980126000,0.0740382,0.0036747884,0.0740382,0.0036747884,0.30076796,0.30368143,0.25996986,0.13261122,
2021-12-31,yearly,,2785810000,7.618573,8869249000,40435120000,1.1926571,1.2043399,39210148000,2.4060106,,0.07340835,0.2888127,9257482000,-344926020,3861591000,0.30328158,0.2690001,0.30328158,0.2690001,0.23609914,0.2261978,0.18892916,0.12378813,
2020-12-31,yearly,,5790875000,11.58175,6499837000,24453620000,0.95208025,0.95875674,30898459000,1.7177578,,0.07548811,0.26039925,6921088000,3237902000,6361434000,0.34798095,0.03227214,0.34798095,0.03227214,0.2239946,0.2103612,0.16548774,0.11997317,
2019-12-31,yearly,,2788167000,2.4197493,6111911000,24187922000,1.0272924,1.0272924,29932474000,1.8209357,,0.06235035,0.20689963,6577583000,2719841000,5788532000,0.31322563,0.06382599,0.31322563,0.06382599,0.2197474,0.20418997,0.15743904,0.09181657,
2018-12-31,yearly,,1891457000,1.8581684,5357987000,24627480000,1.1173105,1.1173105,28136626000,1.9651076,,0.051312875,0.17283185,5789369000,-994001000,856686000,0.7444714,0.052036826,0.7444714,0.052036826,0.20575918,0.19042748,0.14367977,0.076981336,
2017-12-31,yearly,,3249781000,3.1925867,4582043000,24010560000,0.84203136,0.84203136,26744906000,2.146417,,0.030110328,0.11112138,4997632000,-475297000,2034023900,0.3095456,0.3993711,0.3095456,0.3993711,0.18686295,0.17132396,0.12466762,0.04647771,
2016-12-31,yearly,,6165446000,6.0569377,3872835000,26202753000,1.2617614,1.2617614,19112090000,2.5261343,,0.020845065,0.08474743,4306020000,818807000,4634026000,0.04155776,-0.054131795,0.04155776,-0.054131795,0.22530346,0.20263797,0.1482842,0.045994814,
2015-12-31,yearly,,5706435000,5.6060047,3448036000,24517773000,1.3107285,1.3132619,20205870000,2.4202805,,0.021594465,0.086403266,3937825000,1033080000,2557974000,-0.088747375,0.16756834,-0.088747375,0.16756834,0.1948852,0.17064527,0.12219093,0.043317955,
2014-12-31,yearly,,4362778000,4.39347,3475454000,21823408000,1.2398638,1.2423587,17305942000,2.325471,,0.025255637,0.09445809,4044401000,659566000,1592573000,0.01254295,0.18259616,0.01254295,0.18259616,0.23370014,0.20082432,0.15022343,0.05122189,
2013-12-31,yearly,,4231228000,8.462456,3250928100,19176008000,1.4764351,1.4808433,14633856000,2.1794093,,0.030571861,0.107860714,3960135000,823007000,2517546000,-0.23533678,-0.027983187,-0.23533678,-0.027983187,0.2706146,0.22215116,0.17019731,0.06485208,
2012-12-31,yearly,,2483995000,2.5813794,3612487000,19608445000,1.0746144,1.0841162,15055147000,2.3323781,,0.04044107,0.14948553,4353182000,-1224176000,2144084000,-0.19895348,0.17949812,-0.19895348,0.17949812,0.28914908,0.2399503,0.18406416,0.08347537,
2011-12-31,yearly,,2747358000,2.8550675,3712317000,16014163000,1.1819663,1.1919391,12764028000,1.8724518,,0.05772373,0.18501984,4246463000,1121000,2488652000,-0.0051205894,0.061569832,-0.0051205894,0.061569832,0.33268988,0.29084212,0.23899564,0.12397215,
2010-12-31,yearly,,1605428000,3.336737,3277228000,11126237000,0.8745869,0.8802852,12023729000,1.6484154,,0.07778093,0.23112836,3682766000,227326000,2029213000,,,,,0.3062915,0.27256337,0.22782575,0.12974653,
