endDate,type,currentPrice,totalCash,totalCashPerShare,ebitda,totalDebt,quickRatio,currentRatio,totalRevenue,debtToEquity,revenuePerShare,returnOnAssets,returnOnEquity,grossProfits,freeCashflow,operatingCashflow,earningsGrowth,revenueGrowth,earningsGrowthAnnual,revenueGrowthAnnual,grossMargins,ebitdaMargins,operatingMargins,profitMargins,financialCurrency
2025-12-31,yearly,,3131267000,1.0497706,6526897000,28328526000,0.967994,0.9836686,26116856000,1.2267691,,0.044491652,0.11640142,5661499000,1269082000,3028446000,-0.043072205,0.15300934,-0.043072205,0.15300934,0.21677567,0.24991128,0.19317068,0.1029197,
2024-12-31,yearly,,4162571000,1.3955197,5529726000,24661158000,1.2478254,1.2610065,22651036000,0.96193856,,0.04878298,0.10919285,4891244000,-2345878000,3393536000,0.24385451,0.05454367,0.24385451,0.05454367,0.21593909,0.24412684,0.17942879,0.12358684,
2023-12-31,yearly,,5639395000,1.8906313,5076754000,24219603000,1.4545466,1.4733152,21479467000,1.0011548,,0.041691266,0.0961971,4898040000,383385000,3518476000,1.0312911,-0.020442298,1.0312911,-0.020442298,0.22803359,0.23635381,0.17201144,0.10834384,
2022-12-31,yearly,,2678707000,0.97886145,4217218000,23041065000,1.2760812,1.3033079,21927720000,1.09038,,0.023123449,0.0543897,4999314000,1127653000,3902649000,-0.7754688,-0.08574647,-0.7754688,-0.08574647,0.2279906,0.1923236,0.13299313,0.052414067,
2021-12-31,yearly,,3489148000,1.2750154,6528577000,22106563000,1.3774564,1.4022409,23984288000,0.99690324,,0.101914674,0.2276685,4864650000,3418740000,3386831900,0.26852375,0.2871769,0.26852375,0.2871769,0.20282653,0.27220225,0.2270669,0.21049622,
2020-12-31,yearly,,3224430000,1.1782813,5263179000,19478841000,1.1647176,1.1815795,18633249000,0.9618935,,0.08356905,0.19306913,5285427000,2273273000,3940844000,0.9619638,0.14706567,0.9619638,0.14706567,0.28365567,0.2824617,0.22826217,0.20982653,
2019-12-31,yearly,,2944986000,10.761661,4284517000,16788539000,1.4551637,1.4795654,16244274000,0.9539912,,0.053843167,0.11722037,4484098000,1281355000,2945006000,0.41425508,0.08768084,0.41425508,0.08768084,0.27604175,0.26375553,0.1964188,0.12699053,
2018-12-31,yearly,,2073474000,7.576954,3143226000,16196700000,0.9800522,0.9974208,14934780000,0.99145985,,0.040189255,0.08839282,3433092000,-378182020,1770971000,0.3612883,0.06490087,0.3612883,0.06490087,0.22987229,0.2104635,0.16030012,0.09668733,
2017-12-31,yearly,,1100788000,4.022534,2872980000,13958688000,0.9151152,0.9332102,14024573000,0.8999507,,0.033720594,0.07209663,3358683000,-591967000,989206000,0.07820998,0.070434846,0.07820998,0.070434846,0.23948558,0.2048533,0.15268779,0.079735406,
2016-12-31,yearly,,1285765000,4.698483,2752398000,12224667000,0.7553617,0.7784586,13101753000,0.80661875,,0.031142257,0.062537916,2867638000,-1034257000,1476818000,-0.19626103,-0.11042664,-0.19626103,-0.11042664,0.21887438,0.21007861,0.15601744,0.072340705,
2015-12-31,yearly,,1889001000,6.902847,2585210000,10806624000,1.4203824,1.4477398,14728131000,0.7409675,,0.0437186,0.08677383,2928815000,-630890000,1320728100,-0.010955678,0.05816812,-0.010955678,0.05816812,0.19885856,0.17552872,0.12959811,0.085927464,
2014-12-31,yearly,,1212743000,4.4316435,2339857000,9179086000,1.249584,1.2867252,13918517000,0.6708495,,0.052135516,0.097612835,2753440000,-1471303900,1091372000,0.124366,0.51614296,0.124366,0.51614296,0.19782567,0.16811109,0.12285174,0.095959574,
2013-12-31,yearly,,2132830100,7.793854,1829396000,7849375700,1.3563805,1.3979824,9180214000,0.6071256,,0.04765756,0.08519268,2142215900,-526503000,1337611000,0.5307241,0.07594708,0.5307241,0.07594708,0.23335141,0.19927597,0.1335691,0.11997923,
2012-12-31,yearly,,2155450000,7.876513,1551107100,6140247000,1.6062986,1.6501248,8532217000,0.4913181,,0.034251146,0.058133237,1953246000,-385137980,1395216000,-0.39475334,0.09722684,-0.39475334,0.09722684,0.22892596,0.18179414,0.11726366,0.085150205,
2011-12-31,yearly,,1633812000,5.970327,1912313000,5109801000,1.7477046,1.7981228,7776165000,0.42336378,,0.061545584,0.09750622,2319150000,-481158020,1147896100,0.17197995,0.12679867,0.17197995,0.12679867,0.29823828,0.24591981,0.17478384,0.15134118,
2010-12-31,yearly,,2392589000,8.743073,1575299000,4731057000,1.5911244,1.6389894,6901113000,0.41883233,,0.056568485,0.08943844,1924970000,115904000,1247742000,,,,,0.27893618,0.22826739,0.14958557,0.14639392,
