endDate,type,currentPrice,totalCash,totalCashPerShare,ebitda,totalDebt,quickRatio,currentRatio,totalRevenue,debtToEquity,revenuePerShare,returnOnAssets,returnOnEquity,grossProfits,freeCashflow,operatingCashflow,earningsGrowth,revenueGrowth,earningsGrowthAnnual,revenueGrowthAnnual,grossMargins,ebitdaMargins,operatingMargins,profitMargins,financialCurrency
2025-12-31,yearly,,27243684000,3.4054606,3690967800,93461220000,2.4515986,2.578252,40418595000,3.0139415,,-0.0754484,-0.3287495,13175609000,12950712000,13026784000,-0.031657096,-0.08036608,-0.24904352,-0.08036608,0.3259789,0.09131856,-0.0049448526,-0.25222057,
2024-12-31,yearly,,16903542000,9.055934,10528581000,89365380000,1.6022868,1.7180086,43950744000,2.2682512,,-0.05777591,-0.20716003,13714681000,8593029000,13081286000,-9.610994,0.113565095,-8.457815,0.113565095,0.31204662,0.2395541,0.07973922,-0.18570256,
2023-12-31,yearly,,14658481000,7.8217325,16375721000,78340860000,1.65962,1.7705635,39468500000,1.5366623,,0.034924615,0.09581465,10918601000,5973352000,10276444000,-0.06942073,-0.006766175,-0.06942073,-0.006766175,0.2766409,0.41490608,0.32964966,0.1237631,
2022-12-31,yearly,,13301716000,7.0977654,10874887000,75610110000,1.5007315,1.6190398,39737370000,1.569671,,0.020975389,0.058561556,8984231000,-10637191000,9972232000,-0.8079388,0.5954202,-0.8079388,0.5954202,0.22609022,0.273669,0.19780894,0.07098796,
2021-12-31,yearly,,16174130000,8.630479,10897844000,60662153000,2.0177362,2.1064372,24907150000,2.101216,,0.064908475,0.21997823,6339101000,10227186000,5221982000,6.1880713,0.84377396,6.1880713,0.84377396,0.2545093,0.43753877,0.34834608,0.25497803,
2020-12-31,yearly,,4614053000,2.4620483,3052311000,20212420000,1.6758082,1.7827276,13508787000,1.7567136,,0.025413675,0.07898737,3692709000,-197923010,2142815000,-0.648777,-0.003809462,-0.648777,-0.003809462,0.27335608,0.22595005,0.1798257,0.06727577,
2019-12-31,yearly,,6076644000,15.414739,4170157000,18018630000,1.7511775,1.8385584,13560445000,1.6289918,,0.07555954,0.22450289,3972439000,3494153000,2807999000,0.4678776,0.31666324,0.4678776,0.31666324,0.29294312,0.3075236,0.2654674,0.18312636,
2018-12-31,yearly,,2696947000,6.760886,3322778000,15033612000,1.786743,1.9001329,10299099000,1.3763095,,0.066125974,0.17428617,2604713000,2605796000,2693814000,0.25620836,0.3426409,0.25620836,0.3426409,0.2529069,0.32262802,0.26731145,0.18484636,
2017-12-31,yearly,,3150328000,7.7232027,3463336000,14862164000,1.482408,1.5586934,7670777000,1.4433118,,0.052928116,0.14669235,2624893000,1997966000,1792909000,0.2695136,0.017102564,0.2695136,0.017102564,0.3421939,0.4514974,0.3737104,0.19692008,
2016-12-31,yearly,,3990930000,9.783985,3408745000,14220685000,1.848602,1.9560156,7541793000,1.3176647,,0.050919253,0.12880312,2955241000,3406855000,2235238000,0.5543202,-0.107680865,0.5543202,-0.107680865,0.3918486,0.4519807,0.37039348,0.18431784,
2015-12-31,yearly,,3129530000,7.685215,2591228000,15732980000,1.4154353,1.5443172,8451901000,1.2551565,,0.031869426,0.07724675,2528580000,1943053000,1863183000,1.2826421,0.037442386,1.2826421,0.037442386,0.29917294,0.30658522,0.24012053,0.114561565,
2014-12-31,yearly,,1540192000,3.7822633,2063829000,12965564000,1.2024494,1.3391387,8146863000,1.0414716,,0.023734463,0.05167306,2343503900,945398000,1000248000,0.24716207,0.18444453,0.24716207,0.18444453,0.2876572,0.25332806,0.18190707,0.07896193,
2013-12-31,yearly,,1474553000,3.621073,1701895000,13433342000,1.2265247,1.3448219,6878214000,0.99393076,,0.018296426,0.038715035,1999985000,628142000,1151222000,-0.6331231,-0.77085215,-0.6331231,-0.77085215,0.29077098,0.2474327,0.18358704,0.07607324,
2013-03-31,yearly,,2487860000,6.1094604,3142625000,17792442000,1.1998317,1.3934252,30016487000,1.3282232,,0.025689768,0.064820565,3332222000,-2453438000,2350102000,-0.75507843,0.24565865,-0.75507843,0.24565865,0.111013055,0.10469663,0.053255334,0.028927935,
2012-03-31,yearly,,1616169000,3.9688408,5371922000,10966958000,1.909097,2.2691414,24096880000,1.1404463,,0.11954321,0.27502987,2631872000,-281319000,1961456000,2.3773358,0.33401093,2.3773358,0.33401093,0.109220445,0.2229302,0.17550579,0.10975653,
2011-03-31,yearly,,1254070000,3.079631,1884310000,10419334000,1.13614,1.4089231,18063480000,1.5357904,,0.041428447,0.1144638,2913401000,-808634000,2337098000,,,,,0.1612868,0.104316,0.07405871,0.042990718,
