endDate,type,currentPrice,totalCash,totalCashPerShare,ebitda,totalDebt,quickRatio,currentRatio,totalRevenue,debtToEquity,revenuePerShare,returnOnAssets,returnOnEquity,grossProfits,freeCashflow,operatingCashflow,earningsGrowth,revenueGrowth,earningsGrowthAnnual,revenueGrowthAnnual,grossMargins,ebitdaMargins,operatingMargins,profitMargins,financialCurrency
2025-12-31,yearly,,815033000,,2953498000,8066967000,1.3182838,1.3759176,8330190000,0.94039196,,0.07981757,0.16503777,3532505000,-484217000,2331554000,0.07504168,0.057398282,0.07504168,0.057398282,0.42406055,0.3545535,0.24093796,0.16995339,
2024-12-31,yearly,,820054000,,2795546000,6498136000,1.3755429,1.4382071,7878006000,0.8073995,,0.08489802,0.16362856,3373641000,-219675010,2050527000,-0.04525761,0.0639658,-0.04525761,0.0639658,0.42823538,0.35485452,0.25317842,0.16716415,
2023-12-31,yearly,,1031425000,,2578765000,5286024000,1.2087877,1.2643739,7404379000,0.6979332,,0.097206436,0.18212013,3061949000,167752000,1734308000,0.63553256,0.19872962,0.63553256,0.19872962,0.41353217,0.34827566,0.24163999,0.18628787,
2022-12-31,yearly,,1122299000,,1982469000,4938578000,1.2044806,1.264559,6176855000,0.6807593,,0.063941404,0.11625341,2315516000,-121434000,1117315000,0.5687916,0.0478641,0.5687916,0.0478641,0.37486973,0.3209512,0.20274654,0.13653582,
2021-12-31,yearly,,1309721000,,1595408000,4851290000,1.2957925,1.341512,5894710000,0.7176509,,0.042257648,0.079525195,2149219000,773009000,1674905000,-0.3415773,0.10318868,-0.3415773,0.10318868,0.3646013,0.2706508,0.14364676,0.09119821,
2020-12-31,yearly,,805619000,,1926566000,4523370000,1.3970636,1.4438288,5343338000,0.7005795,,0.069354855,0.12645595,2404105000,1061735000,1739882000,0.08232389,0.03608802,0.08232389,0.03608802,0.4499257,0.36055475,0.23961614,0.1528028,
2019-12-31,yearly,,524145980,,1758469000,4052007000,1.5953683,1.6482469,5157224000,0.60085696,,0.065433785,0.1118633,2156327000,628588030,1239933000,0.30356655,0.0886455,0.30356655,0.0886455,0.41811776,0.340972,0.22403292,0.1462752,
2018-12-31,yearly,,313371000,2.472335,1490864000,4226542800,1.3496505,1.3857157,4737285000,0.67878467,,0.051769473,0.09293948,1849610000,20842000,913464000,0.032585282,0.094971314,0.032585282,0.094971314,0.3904367,0.31470853,0.1947223,0.12215859,
2017-12-31,yearly,,420857980,3.3203516,1520709000,3907644000,1.3200828,1.3558155,4326401000,0.62578946,,0.05184444,0.08975132,1835406000,411433980,1014711000,0.29085293,0.07278331,0.29085293,0.07278331,0.4242339,0.35149518,0.22113368,0.12953907,
2016-12-31,yearly,,638743000,5.039352,1396109000,4388743000,1.4881485,1.5243002,4032875000,0.73888457,,0.039658528,0.07309493,1548477000,266355010,780435970,38.453503,0.05174276,38.453503,0.05174276,0.38396356,0.34618208,0.19820277,0.10765546,
2015-12-31,yearly,,581854000,4.861568,864652030,4687321000,1.348064,1.3926611,3834469000,0.8300771,,-0.0010604955,-0.0020528259,1136258000,282508000,733481000,-1.0364367,-0.071878955,-1.0364367,-0.071878955,0.29632735,0.2254946,0.082134455,-0.0030231043,
2014-12-31,yearly,,331039000,2.765932,1107927000,4211384000,1.1199371,1.1628644,4131432000,0.7606494,,0.031307004,0.057461813,1408152100,-21733000,841913000,-0.24215153,0.1066147,-0.24215153,0.1066147,0.34083876,0.2681702,0.1500199,0.07700502,
2013-12-31,yearly,,261938000,2.1885722,1156899000,3592204000,1.1418455,1.181773,3733397000,0.67303026,,0.04471389,0.078652196,1391479000,-132179000,664649000,-0.12855521,0.060917407,-0.12855521,0.060917407,0.37271124,0.30987838,0.19453624,0.11244317,
2012-12-31,yearly,,497701000,4.158444,1143033000,3537238000,1.4057281,1.4464707,3519027000,0.70882785,,0.053357963,0.09653257,1351131000,384047000,961154000,0.03706295,0.09119417,0.03706295,0.09119417,0.38395017,0.32481506,0.21685056,0.13689096,
2011-12-31,yearly,,242371010,2.1020765,1051523970,3305131000,0.81702435,0.8499015,3224932000,0.7290295,,0.056186005,0.10245866,1301514000,-51304000,759266000,-0.30647412,-0.0040576626,-0.30647412,-0.0040576626,0.40357873,0.32606083,0.22816852,0.14403622,
2010-12-31,yearly,,77652000,0.6734808,1271947000,2677574000,0.91259176,0.95423627,3238071000,0.63416785,,0.091184355,0.15863256,1194688000,121208000,1054403000,,,,,0.36895052,0.3928101,0.29327646,0.20684414,
