endDate,type,currentPrice,totalCash,totalCashPerShare,ebitda,totalDebt,quickRatio,currentRatio,totalRevenue,debtToEquity,revenuePerShare,returnOnAssets,returnOnEquity,grossProfits,freeCashflow,operatingCashflow,earningsGrowth,revenueGrowth,earningsGrowthAnnual,revenueGrowthAnnual,grossMargins,ebitdaMargins,operatingMargins,profitMargins,financialCurrency
2025-12-31,yearly,,15063737000,11.359479,8967149000,67193180000,0.70794487,1.080366,44797948000,4.269934,,-0.014981063,-0.09574813,12393725000,-7096548000,-973179000,0.22743475,0.025418919,0.020424005,0.025418919,0.27665833,0.20016874,0.10751997,-0.033633817,
2024-12-31,yearly,,24221575000,18.265352,8056077000,72152736000,1.1683946,1.5840477,43687460000,4.6673265,,-0.014803103,-0.09949735,11696764000,7530770000,8650505000,-7.145198,-0.038524844,-4.820054,-0.038524844,0.26773733,0.18440251,0.09774022,-0.035207838,
2023-12-31,yearly,,17579220000,13.2563925,8558822000,54441150000,0.9401617,1.3222035,45437950000,2.7656386,,0.004399107,0.02045478,11962761000,2703482000,7292608000,-1.2047579,0.024251096,-0.7409051,0.024251096,0.26327688,0.18836285,0.11415015,0.008861513,
2022-12-31,yearly,,13447841000,10.140941,10511693000,46256833000,0.8597566,1.3620555,44362120000,2.1203125,,0.025396453,0.09936256,13308104000,-9411739000,2042793000,-0.87322724,-0.07409244,-0.87322724,-0.07409244,0.299988,0.23695199,0.17225195,0.048863716,
2021-12-31,yearly,,19291212000,13.903335,22752367000,36949960000,0.9790927,1.4250224,47912040000,1.5807881,,0.17127457,0.581646,22074565000,15241191000,14793263000,2.2308052,0.5936671,2.2308052,0.5936671,0.46073106,0.47487786,0.42870146,0.2837621,
2020-12-31,yearly,,13727948000,9.893845,8231165000,41151400000,1.2609665,1.5881215,30064020000,3.6574132,,0.06813447,0.381515,10939119000,7713219000,9576874000,1.1208233,0.1819283,1.1208233,0.1819283,0.36386082,0.27378792,0.1900756,0.14278257,
2019-12-31,yearly,,3722127900,2.682568,5061248000,33013230000,0.64054066,1.095168,25436416000,2.9056,,0.044123117,0.1975466,8173153000,2635512000,4871879000,-0.64741445,0.10742929,-0.64741445,0.10742929,0.32131702,0.19897646,0.13924591,0.088240065,
2018-12-31,yearly,,3143717000,2.2657027,8219581000,31528970000,0.6097732,1.05035,22968885000,3.1486652,,0.10988496,0.5193603,6863228000,2109646000,2208105000,492.97742,0.2399126,492.97742,0.2399126,0.29880545,0.3578572,0.3024335,0.22641861,
2017-12-31,yearly,,4147284000,2.9889815,4437300000,32778592000,0.69513047,1.1135371,18524600000,3.9548366,,0.002460276,0.013420117,4928460000,-477373000,571851000,1.0109891,0.08021774,1.0120413,0.08021774,0.26604947,0.23953554,0.16108121,0.006004394,
2016-12-31,yearly,,5631553000,4.0587063,3267973000,33389867000,1.5428909,2.264078,17148950000,4.5216026,,-0.019320227,-0.11551975,4508907000,-2029250000,275918020,-1.5777915,0.11851784,-1.5272974,0.11851784,0.26292613,0.19056402,0.11344578,-0.049744036,
2015-12-31,yearly,,8624651000,6.2158566,6354465000,36463420000,2.1573982,3.085245,15331852000,4.1740875,,0.033215865,0.18498321,3532094000,2204170000,5069163000,16.37563,-0.049260113,15.410228,-0.049260113,0.23037621,0.41446167,0.33770382,0.10539829,
2014-12-31,yearly,,8686021000,6.2600865,4099498000,40459710000,1.856592,2.504425,16126232000,7.0549064,,-0.0022558477,-0.019575847,4533850000,-469358020,1188385000,-1.206705,-0.06851724,-1.220553,-0.06851724,0.2811475,0.254213,0.17474714,-0.006961763,
2013-12-31,yearly,,9995672000,6.855883,4275347000,39412056000,2.3796747,2.9477649,17312432000,4.8843436,,0.010594585,0.06617797,4889726000,-47727000,2198079000,2.2116382,0.02463077,2.0592022,0.02463077,0.28244016,0.24695241,0.18020311,0.03084454,
2012-12-31,yearly,,14444875000,9.907525,1872348000,36175050000,2.7374709,3.2961447,16896264000,4.016097,,-0.009748895,-0.053352576,4824058000,-52153000,3487500000,-1.1133592,0.022802027,-1.1296735,0.022802027,0.28551033,0.11081432,0.037978634,-0.02844262,
2011-12-31,yearly,,15417393000,10.574561,6705173000,34657670000,2.8027506,3.3776336,16519584000,4.1174965,,0.07824317,0.43568492,6718740000,-1073231000,4201780000,0.47276598,0.14318345,0.47276598,0.14318345,0.40671363,0.40589237,0.34849074,0.22199312,
2010-12-31,yearly,,10239278000,6.779366,5804515000,26831202000,2.7912989,3.5444002,14450510000,3.429921,,0.06656376,0.32165298,6763768000,-2153262000,2482535000,,,,,0.4680643,0.40168238,0.3458941,0.17412472,
