endDate,type,currentPrice,totalCash,totalCashPerShare,ebitda,totalDebt,quickRatio,currentRatio,totalRevenue,debtToEquity,revenuePerShare,returnOnAssets,returnOnEquity,grossProfits,freeCashflow,operatingCashflow,earningsGrowth,revenueGrowth,earningsGrowthAnnual,revenueGrowthAnnual,grossMargins,ebitdaMargins,operatingMargins,profitMargins,financialCurrency
2025-12-31,yearly,,302459000,0.5754645,504973980,538796030,0.77571046,0.77571046,1488493000,1.125326,,-0.010948451,-0.0854966,1445794000,229636000.0,351411000.0,0.6038842,0.047671568,0.6038842,0.047671568,0.97131395,0.33925185,0.18492328,-0.027500968,
2024-12-31,yearly,,509993000,0.9703227,313318020,786780030,0.8796454,0.8796454,1420763000,1.4799335,,-0.026907178,-0.19438446,1314816000,295811000.0,382454020.0,0.7738115,-0.0083249,0.7738115,-0.0083249,0.9254295,0.22052799,0.06391988,-0.07273627,
2023-12-31,yearly,,613350000,1.1669718,88021000,1106154000,0.9286167,0.9286167,1432690000,1.8194549,,-0.11334486,-0.75149804,1292897000,-659346000.0,-570479000.0,-0.054076564,0.17280278,-0.054076564,0.17280278,0.9024262,0.061437577,-0.091069944,-0.31889662,
2022-12-31,yearly,,814908030,2.939282,165607010,1164426000,0.6268988,0.6268988,1221595000,3.6793036,,-0.110640384,-1.3695683,1221595000,-126458000.0,118325000.0,0.09006535,0.47916853,0.10932263,0.47916853,1.0,0.1355662,-0.03075733,-0.35481563,
2021-12-31,yearly,,986646000,4.386364,-235053980,1440839000,0.88786006,0.88786006,825866000,3.839248,,-0.09816894,-1.2967023,825866000,-238075010.0,-104441000.0,0.6019286,0.32172608,0.60330343,0.32172608,1.0,-0.28461516,-0.537184,-0.5892505,
2020-12-31,yearly,,947829000,4.7114124,-1190592000,2175108000,0.9710445,0.9710445,624839000,37.724304,,-0.24069731,-21.276075,517377000,732990000.0,848619000.0,-305.51306,-0.6344808,-656.7673,-0.6344808,0.8280165,-1.9054381,-2.2457545,-1.9632833,
2019-12-31,yearly,,365724000,2.4491227,428358020,2539745000,0.99998796,0.99998796,1709456000,3.1778748,,-0.00027035925,-0.0023335952,1569855000,-95336000.0,260696990.0,-1.0144445,0.009977141,-1.0069003,0.009977141,0.91833603,0.25058147,0.16174854,-0.0010909904,
2018-12-31,yearly,,346174020,2.3297095,659063000,2004751000,1.2659336,1.2659336,1692569000,1.7978184,,0.042881094,0.2372357,1565174000,-247452000.0,-48044000.0,0.20717578,0.4281535,0.20717578,0.4281535,0.92473274,0.3893862,0.32176235,0.15629613,
2017-12-31,yearly,,332020000,2.2681475,561179000,1301924000,1.2396477,1.2396477,1185145000,1.6382895,,0.04968893,0.298775,1185145000,-73739000.0,50570000.0,0.25984448,0.113932416,0.25984448,0.113932416,1.0,0.47351083,0.41258413,0.20034005,
2016-12-31,yearly,,55530000,0.4133842,500216000,479370980,1.1239729,1.1239729,1063929000,0.6683709,,0.05924987,0.2749619,1063929000,66855000.0,160036990.0,0.038127836,0.20643422,0.038127836,0.20643422,1.0,0.4701592,0.41296458,0.18535917,
2015-12-31,yearly,,51699000,0.38486496,415887000,388948000,1.1676248,1.1676248,881879000,0.58811486,,0.061530735,0.2649653,881879000,50286000.0,163836990.0,0.1746135,0.23419987,0.1746135,0.23419987,1.0,0.47159192,0.4359453,0.19870527,
2014-12-31,yearly,,50499000,0.378831,351019000,18937000,1.0975542,1.0975542,714535000,0.04127273,,0.06346882,0.3176346,714535000,179006000.0,222079010.0,0.30494627,0.11439061,0.30494627,0.11439061,1.0,0.49125516,0.4535593,0.20396343,
2013-12-31,yearly,,44660000,0.3442561,289816000,113730000,1.0615029,1.0615029,641189000,0.35958531,,0.053968847,0.35311005,641189000,,,4.5530033,0.0285998,4.5530033,0.0285998,1.0,0.4519978,0.4141462,0.17417954,
2012-12-31,yearly,,287000000,0.54605186,172210020,249657010,1.0904901,1.0904901,623361000,1.1852758,,0.01169271,0.09548407,623361000,,,,,,,1.0,0.2762605,0.25786504,0.032263808,
