endDate,type,currentPrice,totalCash,totalCashPerShare,ebitda,totalDebt,quickRatio,currentRatio,totalRevenue,debtToEquity,revenuePerShare,returnOnAssets,returnOnEquity,grossProfits,freeCashflow,operatingCashflow,earningsGrowth,revenueGrowth,earningsGrowthAnnual,revenueGrowthAnnual,grossMargins,ebitdaMargins,operatingMargins,profitMargins,financialCurrency
2025-12-31,yearly,,1696395000,0.565465,4648732000,13774000,1.7020344,1.7020344,0,0.001016495,,0.2906576,0.31670898,0,3786826000.0,4273412000.0,,,0.13980088,,,,,,
2024-12-31,yearly,,1209921000,0.403307,4223040000,3252000,1.7406685,1.7406685,0,0.00025230183,,0.26848117,0.2921165,0,3241019000.0,3599712000.0,,,0.051068548,,,,,,
2023-12-31,yearly,,851249000,0.28374967,3951231000,3267000,1.0349244,1.0349244,0,0.0002595766,,0.25579566,0.28462404,0,3030090000.0,2827442000.0,-1.0,,0.21315208,,,,,,
2022-12-31,yearly,,918060030,0.30602,3321433000,2791000,2.0394683,2.0394683,0,0.00025631106,,0.2521797,0.27117363,0,1945956000.0,2416314000.0,0.5572801,,0.5572801,,,,,,
2021-12-31,yearly,,362375000,0.120791666,2185694000,1229000,10.212708,10.212708,0,0.00011639614,,0.177957,0.1795808,0,1835505000.0,1585276000.0,0.071627766,,0.071627766,,,,,,
2020-12-31,yearly,,773424000,0.257808,2025504000,846000,2.4572315,2.4572315,0,9.311636e-05,,0.18709478,0.1947533,0,1342518000.0,2961869000.0,0.15191884,,0.15191884,,,,,,
2019-12-31,yearly,,501728000,0.41810668,1709077000,775000,3.2278428,3.2278428,0,0.000150755,,0.28357717,0.2987978,0,,,0.039557204,,0.039557204,,,,,,
2018-12-31,yearly,,249772990,0.20814416,1672505000,757000,8.508617,8.508617,0,0.00016443303,,0.31609616,0.32096088,0,,,0.13762712,,0.13762712,,,,,,
2017-12-31,yearly,,393646020,0.32803836,1450351000,543000,2.2296052,2.2296052,0,0.0001299469,,0.28932908,0.31083155,0,,,0.1920506,,0.1920506,,,,,,
2016-12-31,yearly,,218838000,0.182365,1209440000,323000,3.0162175,3.0162175,0,8.567219e-05,,0.27705237,0.28900254,0,,,1.0371783,,1.0371783,,,,,,
2015-12-31,yearly,,52113000,0.0434275,590894000,0,1.0580178,1.0580178,0,0.0,,0.14451367,0.17502443,0,,,,,,,,,,,
