endDate,type,currentPrice,totalCash,totalCashPerShare,ebitda,totalDebt,quickRatio,currentRatio,totalRevenue,debtToEquity,revenuePerShare,returnOnAssets,returnOnEquity,grossProfits,freeCashflow,operatingCashflow,earningsGrowth,revenueGrowth,earningsGrowthAnnual,revenueGrowthAnnual,grossMargins,ebitdaMargins,operatingMargins,profitMargins,financialCurrency
2025-12-31,yearly,,3981564000,8.716208,2412844000,12276297000,2.350683,3.843173,9423494000,1.0705963,,0.091759704,0.20893644,3069969000,-752732030,-358387000,0.21695626,0.18301068,0.21695626,0.18301068,0.32577822,0.25604558,0.24366556,0.25423998,
2024-12-31,yearly,,3052594000,7.9494634,2066992000,8594462000,1.9857488,3.2723274,7965688000,0.86382806,,0.090440914,0.19308464,2579865000,-21428000,63449000,0.7503593,0.27395993,0.7503593,0.27395993,0.3238722,0.25948694,0.25017262,0.24116586,
2023-12-31,yearly,,2703757000,6.763742,1192527000,6823190000,1.756413,2.8278291,6252699000,0.8027447,,0.06365133,0.13008502,2043599000,-38497000,-615686000,0.1646845,0.15527683,0.1646845,0.15527683,0.3268347,0.19072196,0.17999251,0.17683564,
2022-12-31,yearly,,2856741000,7.146448,956763000,6677532000,1.444023,2.47632,5412295000,0.8672873,,0.051846847,0.111515015,1733962000,-1160442000,-402798020,-0.11535548,0.12971899,-0.11535548,0.12971899,0.32037464,0.17677584,0.16874339,0.15863714,
2021-12-31,yearly,,2504832000,6.2661095,1125176100,5196765000,1.7415717,3.1070397,4790833000,0.764014,,0.073499136,0.14956269,1665820000,-868713000,-396758020,-0.48055542,0.25293282,-0.48055542,0.25293282,0.3477099,0.2348602,0.22186893,0.21234596,
2020-12-31,yearly,,1841901000,4.6077156,2245785000,4094335000,1.5944514,2.8763535,3823695000,0.7063305,,0.16000594,0.31561387,1250382000,560040000,2129879000,3.2330048,-0.027253078,3.2330048,-0.027253078,0.3270088,0.58733374,0.5766352,0.47846287,
2019-12-31,yearly,,1365056000,3.414836,623099000,3174998000,1.2400175,2.4444065,3930822000,0.61347365,,0.053496983,0.10324063,1215713000,769342000,689361000,5.929187,0.24940427,67.9849,0.24940427,0.30927703,0.15851621,0.15006937,0.13592984,
2018-12-31,yearly,,1404791000,3.5142374,86319000,2911008000,1.6821805,3.5236852,3146157000,0.5256604,,0.0006132705,0.0010885168,834927000,713070000,864384000,0.11200581,0.17667452,1.5719708,0.17667452,0.26537997,0.027436329,0.01666859,0.0019159883,
2017-12-31,yearly,,1243128100,3.1098197,72313000,3112799000,1.5534855,3.0142946,2673770000,0.48901108,,-0.0010132153,-0.0016556443,734513000,862799000,579420030,-1.6277024,-0.16322047,-1.0696324,-0.16322047,0.27471063,0.027045334,0.006289995,-0.0039416254,
2016-12-31,yearly,,1530286000,3.8281767,336638020,3972051000,1.8717723,3.478441,3195310000,0.5869961,,0.02059143,0.036150336,1062523000,286767000,6233000,-0.66200984,-0.26395425,-0.66200984,-0.26395425,0.3325258,0.10535379,0.074859716,0.07655595,
2015-12-31,yearly,,2154405000,5.389478,748760000,4246631000,1.7347604,2.778139,4341184000,0.63582915,,0.0465964,0.08881015,1503079000,325998020,648988030,-0.32305264,-0.25382632,-0.32305264,-0.25382632,0.34623712,0.17247829,0.15498237,0.13663392,
2014-12-31,yearly,,1272438000,3.183142,1044613000,4294572000,1.3823969,2.129201,5817927000,0.6744153,,0.06194844,0.13056003,1868746000,616339000,1036089000,-0.079758555,0.083033286,-0.079758555,0.083033286,0.32120478,0.17955072,0.16505243,0.14290072,
2013-12-31,yearly,,1560158100,3.7444499,1098024100,5213389000,1.612488,2.2354996,5371882000,0.8416772,,0.062138934,0.14433195,1759289000,376513000,267471010,0.08889527,-0.07983466,0.08889527,-0.07983466,0.32749957,0.20440212,0.18652904,0.16642193,
2012-12-31,yearly,,1732674000,4.0961185,1045563000,5078162000,1.5741836,2.2698588,5837953000,0.94156754,,0.056306936,0.1443862,1834633000,1683287000,754190000,0.3251433,-0.047141884,0.3251433,-0.047141884,0.31425965,0.17909753,0.15784352,0.13338906,
2011-12-31,yearly,,858113000,2.0286174,744114000,5481874000,1.460604,2.1882317,6126781000,1.1135759,,0.04413775,0.120295376,1733490000,-340605000,-154286000,-0.17005943,0.25289354,-0.17005943,0.25289354,0.2829365,0.12145268,0.11927617,0.096655324,
2010-12-31,yearly,,849825000,2.0090241,757649000,4316915000,1.303893,2.0883992,4890105000,0.9220361,,0.056887068,0.14632106,1536630000,-520371000,-243663010,,,,,0.31423253,0.15493512,0.1531182,0.14009228,
