endDate,type,currentPrice,totalCash,totalCashPerShare,ebitda,totalDebt,quickRatio,currentRatio,totalRevenue,debtToEquity,revenuePerShare,returnOnAssets,returnOnEquity,grossProfits,freeCashflow,operatingCashflow,earningsGrowth,revenueGrowth,earningsGrowthAnnual,revenueGrowthAnnual,grossMargins,ebitdaMargins,operatingMargins,profitMargins,financialCurrency
2025-12-31,yearly,,2182799000,4.193658,1083878000,9565792000,2.4932404,3.7804701,4343008300,4.1229177,,0.074108854,0.42225358,1722417000,305945000,398423000,0.23648058,0.29701275,0.23648058,0.29701275,0.3965954,0.24956848,0.230977,0.22557913,
2024-12-31,yearly,,1615181000,9.309401,825046000,6545770000,1.9413661,3.0307035,3348470000,2.9435716,,0.07227959,0.32722548,1218343000,-16329000,76254000,0.925377,0.42174515,0.925377,0.42174515,0.36385065,0.24639492,0.22546984,0.21731357,
2023-12-31,yearly,,1327171000,7.6494007,483289980,4660635000,2.073961,3.4363942,2355183000,2.2082186,,0.051095817,0.18330312,804975000,-209883010,-171010000,0.74486893,0.08904355,0.74486893,0.08904355,0.34178874,0.20520274,0.17949136,0.16426621,
2022-12-31,yearly,,1187372000,7.915813,428838020,4442550300,1.9788023,3.024455,2162616000,3.0644722,,0.03940093,0.17637433,733725000,171223010,220356990,0.19131808,0.2174287,0.19131808,0.2174287,0.3392766,0.19829595,0.17359208,0.11823134,
2021-12-31,yearly,,1049160000,6.9944,374152000,3861291000,3.2721715,5.749002,1776380000,2.6469316,,0.036755987,0.14310588,647106000,2663000,103610000,0.41062853,0.1836828,0.41062853,0.1836828,0.36428353,0.21062611,0.18175447,0.1175199,
2020-12-31,yearly,,926929000,6.179527,262808020,3418227000,2.4437315,4.660344,1500723000,2.5509195,,0.029429711,0.112039715,522569000,254664000,285348000,0.12537323,0.029141534,0.12537323,0.029141534,0.3482115,0.17512093,0.14750424,0.10004044,
2019-12-31,yearly,,729382000,4.754811,228888990,2989790000,2.4251652,4.5172043,1458228000,2.183374,,0.025955612,0.088229105,491116000,216784990,240516990,2.2965481,0.2505729,2.3589592,0.2505729,0.33678958,0.15696378,0.13236406,0.08285124,
2018-12-31,yearly,,859344000,5.6020274,-10682000,2942916900,1.8686581,2.9458752,1166048000,2.1122284,,-0.015894456,-0.0530663,316823000,399199000,266942000,0.46102053,0.5508907,0.46202937,0.5508907,0.27170664,-0.009160858,-0.026428586,-0.06340734,
2017-12-31,yearly,,483757000,3.1535916,-108844000,2240892000,1.9666824,3.3506057,751857000,1.3967905,,-0.033182725,-0.08566585,37458000,92062000,38593000,-11.121142,-0.44638157,-97.37868,-0.44638157,0.049820643,-0.1447669,-0.17539239,-0.18279408,
2016-12-31,yearly,,567551000,3.699841,28527000,2056368000,2.2733433,3.3430932,1358078000,1.1768037,,-0.00034158427,-0.0007994653,156299010,63951000,125916000,-1.0959344,-0.13474904,-1.0112983,-0.13474904,0.11508839,0.02100542,0.0021788145,-0.0010286596,
2015-12-31,yearly,,499165000,3.2540357,205633010,1813168000,2.6610088,3.6429157,1569577000,1.020075,,0.040183134,0.0878826,330483000,140843010,196772000,-0.3993928,-0.14493033,-0.3993928,-0.14493033,0.21055545,0.13101174,0.10401975,0.099523626,
2014-12-31,yearly,,665209000,4.3364697,263398000,1818851000,2.311815,3.1675634,1835613000,1.0480083,,0.05870682,0.13380112,426963000,321003000,320671000,-0.09784086,0.05257324,-0.09784086,0.05257324,0.23259968,0.1434932,0.1327393,0.12650597,
2013-12-31,yearly,,542551000,3.4935954,274330980,1399791000,2.7621546,3.2970176,1743929000,0.87408763,,0.06886362,0.14765169,403550020,252544990,287275000,0.014037585,0.27501348,0.014037585,0.27501348,0.23140278,0.15730628,0.14835523,0.13558695,
2012-12-31,yearly,,436876000,2.8131328,235362000,1220015000,2.4697561,3.380289,1367773000,0.8583446,,0.07603521,0.16193458,369983000,-181294000,-83421000,0.2843462,0.27553642,0.2843462,0.27553642,0.2705003,0.1720768,0.16480951,0.16827866,
2011-12-31,yearly,,351112000,2.260881,188132990,832969000,2.1143095,2.867338,1072312000,0.6758462,,0.07406054,0.14733672,300573000,-221356990,-201780990,0.05201979,0.37140605,0.05201979,0.37140605,0.2803037,0.17544614,0.16578197,0.16934437,
2010-12-31,yearly,,190851010,1.4305905,165032000,561884030,2.186734,3.1794329,781907000,0.67872274,,0.09916513,0.20118499,248123010,-283249980,-257584990,,,,,0.3173306,0.21106346,0.2030395,0.21300744,
