endDate,type,currentPrice,totalCash,totalCashPerShare,ebitda,totalDebt,quickRatio,currentRatio,totalRevenue,debtToEquity,revenuePerShare,returnOnAssets,returnOnEquity,grossProfits,freeCashflow,operatingCashflow,earningsGrowth,revenueGrowth,earningsGrowthAnnual,revenueGrowthAnnual,grossMargins,ebitdaMargins,operatingMargins,profitMargins,financialCurrency
2025-12-31,yearly,,4780493000,6.8652277,5639929000,30652877000,1.5168306,1.5168306,11521073000,7.0073395,,0.023364065,0.19815719,4465144000,-4140288000,4808677000,-0.020181462,0.1670015,-0.020181462,0.1670015,0.3875632,0.48953158,0.37163743,0.07523761,
2024-12-31,yearly,,3868611000,5.555681,4507101000,24016382000,0.6699139,0.6699139,9872372000,6.5075417,,0.03117997,0.24751107,3908908000,-629200000,3935501000,0.5873492,0.11613027,0.5873492,0.11613027,0.39594415,0.4565368,0.35678264,0.09252599,
2023-12-31,yearly,,4422314000,6.35085,3580757000,21404015000,0.9822841,0.9822841,8845179000,7.1674986,,0.02298283,0.19979239,3254688000,-2266691000,3551004000,1.318175,0.45928046,1.318175,0.45928046,0.3679618,0.40482584,0.3145943,0.06745279,
2022-12-31,yearly,,1498750000,2.152343,2123595000,14539864000,0.62610865,0.62610865,6061329000,5.772811,,0.012925074,0.09292924,1926671000,-718851970,1885829000,,0.30301815,-0.33100894,0.30301815,0.3178628,0.3503514,0.25446284,0.03861513,
2021-12-31,yearly,,2238543000,3.2147539,2259072000,13191395000,0.6354937,0.6354937,4651761000,5.6614504,,0.022402367,0.15762061,1839890000,-1595118000,1873082000,1.0,0.16300248,1.8662086,0.16300248,0.3955255,0.48563805,0.3370612,0.07895118,
2020-12-31,yearly,,1456542000,2.607024,1412798000,10120795000,0.69483805,0.69483805,3999786000,180.14622,,-0.038219016,-7.546822,1642971000,419129000,1471177000,-1.2861426,0.011863981,-1.2861426,0.011863981,0.41076472,0.3532184,0.21644583,-0.10600267,
2019-12-31,yearly,,2018540200,3.6129289,1363201000,10373821000,0.5805526,0.5805526,3952889000,22.782032,,-0.01606764,-0.4072902,1503882000,-240172000,1403711000,-1.4952071,0.24725655,-1.4952071,0.24725655,0.38045135,0.34486195,0.2012948,-0.046917584,
2018-12-31,yearly,,2712010000,4.8541512,1617873000,8870487000,1.5377593,1.5377593,3169267000,13.853231,,0.038133666,0.59678847,1389251000,535967000,1343746000,-0.045800358,-0.009821902,-0.045800358,-0.009821902,0.4383509,0.5104881,0.37368387,0.1205752,
2017-12-31,yearly,,1668213000,2.985888,1630188900,6449130000,1.2158585,1.2158585,3200704000,8.524168,,0.05275637,0.54500043,1557547000,695166000,1285785000,1.4068806,0.1313922,1.4135201,0.1313922,0.4866264,0.509322,0.37856767,0.1288251,
2016-12-31,yearly,,651251970,1.1656579,1114438000,5394095000,0.6945834,0.6945834,2828996000,9.4212265,,-0.14373398,-1.6577399,1283561000,608911000,1100030000,-9.851854,-0.024721904,-9.709729,-0.024721904,0.4537161,0.3939341,0.27376214,-0.33550206,
2015-12-31,yearly,,822569000,1.4722934,1311371000,5811857000,0.64721984,0.64721984,2900707000,3.5471592,,0.01472742,0.070659295,1280518000,402110020,1161024000,-0.76907396,-0.012357503,-0.76907396,-0.012357503,0.4414503,0.4520867,0.32603914,0.03991165,
2014-12-31,yearly,,660074000,1.1814481,1418375000,4590358000,0.723751,0.723751,2937001000,2.5728023,,0.07076383,0.26580748,1215845000,315327000,1253485000,0.18612549,0.11289706,0.18612549,0.11289706,0.413975,0.4829331,0.3777384,0.16147423,
2013-12-31,yearly,,1141783000,2.0436456,1196287000,4072489000,1.1724213,1.1724213,2639059000,1.9411023,,0.061456125,0.19042253,1292453000,455233980,1032947000,-0.05738836,0.09545114,-0.05738836,0.09545114,0.4897401,0.4533006,0.3636357,0.15138426,
2012-12-31,yearly,,975413950,1.7458664,1190479000,3648498000,0.9130983,0.9130983,2409107000,1.7165469,,0.06892318,0.2009163,1246757000,-385636000,698375000,0.10196675,0.31834587,0.10196675,0.31834587,0.51751834,0.4941578,0.39560425,0.17726278,
2011-12-31,yearly,,634657000,1.135955,956498050,1951175900,1.0182172,1.0182172,1827371000,1.0350512,,0.09324477,0.2055943,1014348030,310662020,620795000,-0.35114306,0.28002286,-0.35114306,0.28002286,0.55508596,0.5234285,0.43136728,0.2120894,
2010-12-31,yearly,,872654000,1.5619391,1109890000,2033518000,0.9675724,0.9675724,1427608100,1.137399,,0.14259985,0.3322613,803990000,195578000,549177000,,,,,0.56317276,0.7774472,0.6790694,0.4161079,
