endDate,type,currentPrice,totalCash,totalCashPerShare,ebitda,totalDebt,quickRatio,currentRatio,totalRevenue,debtToEquity,revenuePerShare,returnOnAssets,returnOnEquity,grossProfits,freeCashflow,operatingCashflow,earningsGrowth,revenueGrowth,earningsGrowthAnnual,revenueGrowthAnnual,grossMargins,ebitdaMargins,operatingMargins,profitMargins,financialCurrency
2025-12-31,yearly,,3358552000,2.940169,7660496000,38182236000,1.1222714,1.1222714,12860075000,2.7440622,,0.051668208,0.20539153,6006561000,-334487000,3345511000,-0.39644068,0.1463137,-0.39644068,0.1463137,0.46707046,0.59568053,0.48742524,0.22223191,
2024-12-31,yearly,,3958758000,4.8518486,8754075000,33169668000,0.989738,0.989738,11218635000,2.7010255,,0.08586397,0.35038286,6106582000,-1756262000,4154242000,0.2477855,0.043809123,0.2477855,0.043809123,0.5443249,0.7803155,0.68475807,0.3835441,
2023-12-31,yearly,,5255767000,6.4414616,7284557000,28749630000,1.4579554,1.4579554,10747784000,2.9287913,,0.08121025,0.34932625,5907139000,2543528000,4585942000,0.28781572,-0.0973259,0.28781572,-0.0973259,0.5496146,0.67777294,0.5917776,0.3190481,
2022-12-31,yearly,,2235887000,2.7403002,6790384000,25402182000,1.2526747,1.2526747,11906605000,3.0096757,,0.06977729,0.31570068,5589193000,1553056000,3337493000,0.70303535,-0.05056092,0.70303535,-0.05056092,0.46941954,0.570304,0.48717362,0.22378907,
2021-12-31,yearly,,5156406000,6.3196845,5940541000,27798905000,1.4487545,1.4749264,12540673000,3.5043888,,0.041058384,0.19728343,5911212000,1650108000,1989161000,-0.44094598,0.022963565,-0.44094598,0.022963565,0.47136322,0.47370192,0.39057904,0.12479155,
2020-12-31,yearly,,4538946000,5.5629263,6484538000,23888327000,1.4019648,1.4371685,12259159000,3.0855505,,0.079498895,0.36131087,5463302000,345313000,1342251000,0.21090122,0.25036326,0.21090122,0.25036326,0.44565064,0.52895457,0.45431852,0.2281778,
2019-12-31,yearly,,3870261000,4.7433867,5158241000,19999275000,1.0911531,1.1281058,9804478000,2.8575208,,0.07669005,0.33021265,4151515000,-608526000,3621266000,-0.0019167277,0.11480499,-0.0019167277,0.11480499,0.4234305,0.5261107,0.43805474,0.23571871,
2018-12-31,yearly,,2415792100,2.9607918,4327283000,13909589000,1.0625224,1.09266,8794792000,2.2006834,,0.09755019,0.36632842,3918806000,-65949000,3146706000,0.1552097,0.25461426,0.1552097,0.25461426,0.44558257,0.4920279,0.41696393,0.26327023,
2017-12-31,yearly,,1930070000,2.956864,3499157000,10133235000,0.64080834,0.65811646,7009957000,1.4826105,,0.10243798,0.29329038,3006086000,-2477178000,331801980,0.2947768,0.088102035,0.2947768,0.088102035,0.42883086,0.49916953,0.4065945,0.28595883,
2016-12-31,yearly,,1815340000,2.781098,3051863000,6304246000,1.8045095,1.8631176,6442371000,0.95311016,,0.10737409,0.23408055,2740914000,1252681000,2524794000,0.0312659,-0.010698035,0.0312659,-0.010698035,0.42545113,0.47371736,0.3758891,0.24033093,
2015-12-31,yearly,,2396854000,3.6719766,3104255000,7382363000,1.4569108,1.4866526,6512037000,1.1114441,,0.09812006,0.22602715,2708942000,1799681000,2578612000,0.08537806,0.0061090807,0.08537806,0.0061090807,0.41598997,0.47669494,0.3844926,0.23054276,
2014-12-31,yearly,,1604731000,,2895073000,6466279000,1.6451197,1.6810746,6472496000,1.1434726,,0.10154549,0.24458311,2497708000,1088683000,1676903000,-0.037423264,0.16230805,-0.037423264,0.16230805,0.38589564,0.44728848,0.35580525,0.21368958,
2013-12-31,yearly,,1224276000,,2969716000,5772997000,1.0412002,1.0708677,5568658000,1.076126,,0.11353737,0.2678194,2656798000,1757034000,2315937000,-0.042270843,0.13356929,-0.042270843,0.13356929,0.47709844,0.53329116,0.42869037,0.25800598,
2012-12-31,yearly,,1179975900,,3108412000,5637988000,1.1474313,1.1742691,4912499000,1.0320617,,0.12229877,0.27456835,2781565000,2024318000,2359306000,0.03582461,0.13532577,0.03582461,0.13532577,0.566222,0.63275576,0.51852185,0.3053279,
2011-12-31,yearly,,781808000,,2909697000,5779231000,1.0068452,1.0343189,4326951000,1.0603591,,0.1170544,0.26569495,2466328000,1692596000,2053674000,0.19476515,0.05525584,0.19476515,0.05525584,0.5699921,0.67245895,0.55665016,0.33467123,
2010-12-31,yearly,,1164133000,,2611477000,6612197000,0.823378,0.8437477,4100381000,1.3034908,,0.09428964,0.23885758,2212309000,585590000,1680481000,,,,,0.53953743,0.6368864,0.5243786,0.29549667,
