endDate,type,currentPrice,totalCash,totalCashPerShare,ebitda,totalDebt,quickRatio,currentRatio,totalRevenue,debtToEquity,revenuePerShare,returnOnAssets,returnOnEquity,grossProfits,freeCashflow,operatingCashflow,earningsGrowth,revenueGrowth,earningsGrowthAnnual,revenueGrowthAnnual,grossMargins,ebitdaMargins,operatingMargins,profitMargins,financialCurrency
2025-12-31,yearly,,14448992000,19.513403,4789271000,24495921000,0.8154739,1.5015833,41883234000,1.1678655,,0.028020518,0.09497219,7358344000,1901489000,4483900000,0.03545322,0.18233481,0.03545322,0.18233481,0.1756871,0.114348166,0.079939246,0.04756168,
2024-12-31,yearly,,13640186000,18.421108,5103940000,25866213000,0.80980563,1.4746364,35424174000,1.2489173,,0.026274767,0.09288975,6382234000,2318333000,5532441000,1.4527555,0.35670137,1.4527555,0.35670137,0.18016607,0.14408071,0.106484376,0.054308422,
2023-12-31,yearly,,10413069000,14.062878,2724662000,20356039000,0.9328475,1.6519771,26110517000,1.3834254,,0.0150256045,0.053305883,4503394000,577168000,2827132000,1.7489928,0.11351329,1.7489928,0.11351329,0.17247434,0.10435113,0.05831401,0.030039812,
2022-12-31,yearly,,12059457000,16.28633,527466020,23004656000,1.065399,1.7893105,23448770000,1.5610367,,-0.019789232,-0.07106118,4709978000,3246243000,3840872000,-2.9130888,0.034365907,-2.9130888,0.034365907,0.20086248,0.0224944,-0.023693694,-0.044659615,
2021-12-31,yearly,,14337186000,19.36241,2164687900,28603234000,1.3750411,2.0770648,22669705000,1.847211,,-0.004722376,-0.017282903,3539104000,2063093000,2853204000,0.9255838,0.15415831,0.9255838,0.15415831,0.15611601,0.09548814,0.04652544,-0.011805094,
2020-12-31,yearly,,14034460000,18.953577,-157507010,28869974000,1.5143046,2.531102,19641764000,1.8902974,,-0.06560931,-0.23546782,2406948000,-7455661000,-6512364000,-1.7789752,0.876375,-1.7789752,0.876375,0.12254235,-0.008018984,-0.08558666,-0.18309115,
2019-12-31,yearly,,5098806000,6.8859515,178932030,2365133000,1.1379553,1.3422195,10467931000,0.16233395,,-0.030367158,-0.08882126,1430601000,5338046000,3749394000,-1.0107992,-0.44086403,-1.0107992,-0.44086403,0.13666512,0.017093353,-0.061488368,-0.123623855,
2018-12-31,yearly,,11718339000,15.825648,1084740000,17451667000,1.5069791,2.3347974,18721620000,1.1430979,,-0.014707178,-0.042154204,2806462000,2097377000,4012758000,-1.7594833,0.0004582365,-1.7594833,0.0004582365,0.14990486,0.057940498,0.0055062007,-0.034375656,
2017-12-31,yearly,,12029023000,16.245228,2145189000,17732127000,1.7620018,2.5342085,18713045000,1.2817262,,0.021460757,0.06125064,3421370000,-972590000,2505920000,0.4318355,-0.12701477,0.4318355,-0.12701477,0.18283342,0.11463602,0.056622747,0.045282636,
2016-12-31,yearly,,9832759000,13.279168,1983298000,16467768000,1.3471254,2.13192,21435695000,1.2820514,,0.015567144,0.04607377,4269592000,-3691206000,-309017980,1.1015419,0.055853505,1.1015419,0.055853505,0.19918141,0.09252315,0.03348583,0.027608668,
2015-12-31,yearly,,10886975000,14.70289,2176385000,19385745000,1.3299446,2.08129,20301770000,1.2916365,,0.0061800987,0.018763022,3756413000,-1524369000,3632763000,-0.6593177,0.35925898,-0.6593177,0.35925898,0.18502884,0.10720174,0.054333538,0.013871105,
2014-12-31,yearly,,6437798000,8.694263,1980605000,10845202000,1.3339287,2.2760987,14935910000,1.0564723,,0.029891226,0.08052225,2958737000,-314443000,1275434000,0.051105656,0.095341645,0.051105656,0.095341645,0.19809553,0.13260692,0.08729123,0.05534313,
2013-12-31,yearly,,6146139000,8.300378,2239193000,8660496000,1.2031868,1.9938821,13635846000,1.0178031,,0.033097632,0.09242087,3095827000,-332878020,1354603000,0.1250372,0.117535196,0.1250372,0.117535196,0.22703592,0.16421372,0.11776937,0.057672255,
2012-12-31,yearly,,4862384000,6.566663,1766078000,7528348000,1.1497971,1.9216825,12201715000,1.0995936,,0.036043108,0.1020974,2953146000,400537000,1590416000,3.0817032,0.2377406,3.0817032,0.2377406,0.24202712,0.14474015,0.099775404,0.057287686,
2011-12-31,yearly,,3946236000,5.3294024,922923000,5909579000,1.0155578,1.8190646,9858055000,1.010455,,0.01030634,0.029282032,2219230000,143463010,1145446000,-0.7146613,0.05089533,-0.7146613,0.05089533,0.22511844,0.09362121,0.05292403,0.017371986,
2010-12-31,yearly,,3543397000,4.7853675,1069115000,4903858000,1.1676899,2.0858638,9380625000,0.93984026,,0.042928074,0.11502606,1797963000,959624000,1465035000,,,,,0.19166772,0.11397055,0.07307829,0.0639806,
