endDate,type,currentPrice,totalCash,totalCashPerShare,ebitda,totalDebt,quickRatio,currentRatio,totalRevenue,debtToEquity,revenuePerShare,returnOnAssets,returnOnEquity,grossProfits,freeCashflow,operatingCashflow,earningsGrowth,revenueGrowth,earningsGrowthAnnual,revenueGrowthAnnual,grossMargins,ebitdaMargins,operatingMargins,profitMargins,financialCurrency
2025-12-31,yearly,,2650876000,1.3685658,6506801000,28563694000,1.0312104,1.130739,18416056000,1.3343567,,0.029761009,0.07902472,5404567000,57747000,5135586000,26.552782,0.61721605,26.552782,0.61721605,0.29347038,0.35332218,0.20162836,0.091856256,
2024-12-31,yearly,,3866312000,2.000584,3901535000,28141244000,1.3321067,1.4727569,11387505000,1.3921131,,0.010412429,0.027181711,3953483000,750432000,4155634000,-0.80700094,0.12849306,-0.80700094,0.12849306,0.34717727,0.34261543,0.19424,0.048252184,
2023-12-31,yearly,,2592639000,1.6360465,4284071000,26011730000,1.1268241,1.2798082,10090895000,1.7413552,,0.0069649,0.020313254,3711150000,1060182000,2790182000,-0.4207024,0.6465245,-0.4207024,0.6465245,0.36777213,0.42454818,0.26482517,0.03006988,
2022-12-31,yearly,,2022605000,1.2764359,2122477000,24182070000,0.9768739,1.1107672,6128603000,1.7604861,,0.00900835,0.027356839,1877324000,-7821243000,1268090000,-0.6797289,0.19595543,-0.6797289,0.19595543,0.30632168,0.34632313,0.20950207,0.06131479,
2021-12-31,yearly,,1677737000,1.3073217,2200676000,8174035000,1.8582648,2.2202692,5124441000,0.908567,,0.06430916,0.13041471,1942735000,-12890000,1232792100,0.16444324,0.5800039,0.16444324,0.5800039,0.3791116,0.42944703,0.3106366,0.22895999,
2020-12-31,yearly,,1896250000,1.4977825,1598924000,7359130000,2.581186,2.7491274,3243309000,0.92792475,,0.062062524,0.12691577,1497930000,-1020313000,1245953000,0.67711276,0.033767145,0.67711276,0.033767145,0.46185237,0.49299157,0.34433168,0.3103423,
2019-12-31,yearly,,1788235000,5.663135,1456692000,5893633000,2.013144,2.0886922,3137369000,0.8541397,,0.043213863,0.08682217,1237775000,518025000,1366246000,-0.3233289,0.0026403698,-0.3233289,0.0026403698,0.39452642,0.4643037,0.30810496,0.19094981,
2018-12-31,yearly,,1359283000,4.3153143,1562969000,5334401000,1.9625752,2.1932027,3129107000,0.8489024,,0.07221512,0.14134945,1254015000,823098000,1527405000,8.297295,0.14965759,8.297295,0.14965759,0.40075812,0.49949363,0.3573192,0.2838583,
2017-12-31,yearly,,984029950,3.1239989,1124612000,4802225000,1.4816663,1.6295534,2721773000,0.8932818,,0.008605182,0.017459288,1110135000,626449000,1009715000,1.8833655,0.2595069,1.8592663,0.2595069,0.407872,0.41319096,0.25933722,0.034484874,
2016-12-31,yearly,,626754000,2.6209931,798165000,5382552000,0.624026,0.7177597,2160983000,1.2012459,,-0.010727111,-0.024803339,731939970,436809980,664977000,-1.757917,0.4229791,-1.7791737,0.4229791,0.33870694,0.36935276,0.25917512,-0.051429834,
2015-12-31,yearly,,248614000,1.5368379,307915000,4491901000,0.55269426,0.6428179,1518633000,1.2557111,,0.016145516,0.038328826,399795000,103479000,146664000,1.0940144,-0.15541975,1.0916125,-0.15541975,0.2632598,0.202758,0.085449874,0.09028448,
2014-12-31,yearly,,157319010,0.18726088,-313229980,5495991000,0.23357569,0.26097554,1798092000,4.5133753,,-0.22102039,-1.2785946,218790000,-104038000,590533000,-0.60981905,0.2496895,-0.6485868,0.2496895,0.12167898,-0.17420131,-0.26901236,-0.8658956,
2013-12-31,yearly,,277582020,0.19029938,-280633980,6544734000,0.22473907,0.25104982,1438831000,2.5427573,,-0.09747139,-0.36692604,-68216000,-2083480100,-510869000,-1.1655577,1.9307675,-1.1738112,1.9307675,-0.04741071,-0.19504306,-0.29688895,-0.6563808,
2012-12-31,yearly,,593910000,1.0267866,-408630020,6254959000,0.36931923,0.4572727,490940000,2.3127327,,-0.04596823,-0.16063671,-106614000,-2546028000,-586175000,-0.06522772,1.9174167,-0.08110246,1.9174167,-0.217163,-0.832342,-0.85866094,-0.8849432,
2011-12-31,yearly,,1451852000,10.607663,-327516000,6012625000,0.9941941,1.0468479,168279010,4.388537,,-0.050525293,-0.2933139,4501000,-2212900000,-239023010,-0.5943532,0.7091972,-0.57214403,0.7091972,0.026747245,-1.9462677,-2.0031257,-2.3880699,
2010-12-31,yearly,,479558020,3.507571,-259920990,3477104100,1.1853683,1.1904324,98455000,2.0434766,,-0.04070575,-0.15022306,-18027000,-2174744000,-319411000,,,,,-0.18309888,-2.639998,-2.7209587,-2.5962522,
