endDate,type,currentPrice,totalCash,totalCashPerShare,ebitda,totalDebt,quickRatio,currentRatio,totalRevenue,debtToEquity,revenuePerShare,returnOnAssets,returnOnEquity,grossProfits,freeCashflow,operatingCashflow,earningsGrowth,revenueGrowth,earningsGrowthAnnual,revenueGrowthAnnual,grossMargins,ebitdaMargins,operatingMargins,profitMargins,financialCurrency
2025-12-31,yearly,,10473245000,3.4910817,8874778000,55031927000,1.5448444,1.5564111,35441353000,2.5977395,,0.037618425,0.14822467,8997641000,-132349000.0,6065954000.0,-0.41566566,0.05118946,-0.41566566,0.05118946,0.2538741,0.25040743,0.19053863,0.0885991,
2024-12-31,yearly,,8561249000,3.7394762,7968149000,46706400000,1.2200646,1.2294776,33715476000,2.1092865,,0.060069736,0.20937702,8563636000,-569389000.0,7218141000.0,1.0006546,0.1816783,1.0006546,0.1816783,0.25399718,0.23633505,0.18124977,0.13751198,
2023-12-31,yearly,,7388591000,3.22727,7624497000,43913724000,1.1093789,1.1209486,28531857000,2.794259,,0.03795493,0.16439195,7780989000,160920990.0,6682422000.0,-0.11296952,0.07654641,-0.11296952,0.07654641,0.27271232,0.2672275,0.21194962,0.090549104,
2022-12-31,yearly,,5751711700,2.8207297,6996222000,40600440000,1.1023793,1.1133754,26503137000,3.2522628,,0.040690344,0.19449441,7190917000,591683000.0,5685800000.0,-0.17597492,0.0010437195,-0.17597492,0.0010437195,0.27132323,0.26397714,0.21588984,0.091612555,
2021-12-31,yearly,,5922667000,3.26382,5869570000,36399490000,1.2626702,1.273306,26475504000,4.006301,,0.05187819,0.30981106,5697662000,-1911882000.0,881740030.0,0.7641913,0.3022742,0.7641913,0.3022742,0.21520504,0.22169814,0.17474961,0.10631741,
2020-12-31,yearly,,6006147000,3.3099709,3931148000,31317674000,1.0866057,1.0961821,20330207000,4.166984,,0.0352804,0.21388303,3657520100,-567967000.0,4806513000.0,2.225806,0.021457473,2.225806,0.021457473,0.1799057,0.19336487,0.13292761,0.07906826,
2019-12-31,yearly,,2679502000,1.4766661,3499912000,27833262000,1.2921278,1.3084496,19903136000,4.3070745,,0.0134069305,0.08157537,3251394000,1185509000.0,2582319000.0,-0.6034835,0.26068306,-0.6034835,0.26068306,0.1633609,0.17584726,0.11767211,0.026486179,
2018-12-31,yearly,,4245468000,2.3396657,3817591000,24919605000,1.4548479,1.4642338,15787581000,4.1206264,,0.03239255,0.19506682,2504878000,-4199466000.0,-968278000.0,1.0558708,0.15768884,1.0558708,0.15768884,0.15866129,0.24180976,0.18165424,0.07472152,
2017-12-31,yearly,,2680434000,1.5495385,2052568100,13454028000,1.2256126,1.2355403,13637154000,2.81199,,0.025969373,0.11967382,1887926000,268460000.0,1249281000.0,2.6105406,0.1546445,2.6105406,0.1546445,0.13843988,0.15051293,0.09128686,0.041986912,
2016-12-31,yearly,,2562432000,1.4813224,1820223000,11773136000,1.2584226,1.2665507,11810695000,2.4665902,,0.009778143,0.04101913,1826607000,-363182020.0,1765051000.0,-0.5238334,-0.010425944,-0.5238334,-0.010425944,0.15465704,0.15411651,0.09453965,0.01657701,
2015-12-31,yearly,,1802685000,1.3487095,1564597000,11979073000,1.238987,1.2466547,11935130000,3.6101444,,0.018992407,0.105902046,1647902000,1858133000.0,1058652030.0,0.1584579,0.4415176,0.1584579,0.4415176,0.13807155,0.13109174,0.07244722,0.029442579,
2014-12-31,yearly,,1574607000,1.2640431,1554753000,11591261000,1.204003,1.2088894,8279559000,3.8652225,,0.01638135,0.10161195,1916722000,-372988000.0,739546000.0,0.3929114,1.8972077,0.3929114,1.8972077,0.23150049,0.1877821,0.11635837,0.036803894,
2013-12-31,yearly,,675762000,0.5424797,621397000,3087258000,1.1769705,1.1846966,2857772000,1.6902442,,0.036683146,0.11100204,865065000,250247010.0,698171000.0,-0.30670604,-0.021002172,-0.30670604,-0.021002172,0.3027061,0.21744107,0.15762244,0.07094583,
2012-12-31,yearly,,815375000,0.65455645,640253000,2937117000,1.3362917,1.3469366,2919079000,1.9564542,,0.057529856,0.1938824,909359000,,,0.36965585,0.20294377,0.36965585,0.20294377,0.31152257,0.2193339,0.1717141,0.09971125,
2011-12-31,yearly,,716776000,0.65169895,554939000,2452420000,1.9085802,1.9240217,2426613000,1.8802936,,0.049796604,0.16258381,761592000,,,0.089422956,0.12639447,0.089422956,0.12639447,0.3138498,0.22868872,0.17451692,0.087386824,
2010-12-31,yearly,,530081020,0.48195428,468962020,1972338000,1.5650257,1.5792975,2154319000,1.6599936,,0.053559683,0.16382305,662673000,,,,,,,0.30760208,0.21768458,0.16893227,0.09035245,
