endDate,type,currentPrice,totalCash,totalCashPerShare,ebitda,totalDebt,quickRatio,currentRatio,totalRevenue,debtToEquity,revenuePerShare,returnOnAssets,returnOnEquity,grossProfits,freeCashflow,operatingCashflow,earningsGrowth,revenueGrowth,earningsGrowthAnnual,revenueGrowthAnnual,grossMargins,ebitdaMargins,operatingMargins,profitMargins,financialCurrency
2025-12-31,yearly,,10481898000,8.324019,10891708000,67885584000,1.4779662,1.4943354,52073804000,2.3964174,,0.022845263,0.08839084,13607256000,1108797000,3973867000,-0.4030775,0.14784269,-0.4030775,0.14784269,0.26130712,0.20915906,0.1562573,0.048084274,
2024-12-31,yearly,,13037743000,52966.227,10821816000,73299700000,1.4473933,1.45509,45366673000,2.4525132,,0.032366097,0.12606588,13056962000,-9939791000,4251208000,0.35463697,0.10690714,0.35463697,0.10690714,0.28780955,0.2385411,0.1903702,0.08305226,
2023-12-31,yearly,,12237687000,8.158458,9520780000,65472352000,1.5326861,1.5401579,40985076000,2.5895123,,0.027751718,0.11376059,12142532000,-4353150000,3139179000,0.51068896,0.5105525,0.51068896,0.5105525,0.29626715,0.2322987,0.18659009,0.070178814,
2022-12-31,yearly,,7880796000,6.978383,6486929000,60759660000,0.9688047,0.9814229,27132506000,3.2724578,,0.021210087,0.103517264,8566771000,-5271264300,3467507000,-0.6281153,0.119286895,-0.6281153,0.119286895,0.3157383,0.23908329,0.19449781,0.070837654,
2021-12-31,yearly,,10371216000,9.186729,5771009000,37707960000,1.654137,1.6698197,24240886000,2.5819461,,0.069716565,0.29460216,6895476000,-3436276000,1304261000,0.24182066,0.3549913,0.24182066,0.3549913,0.28445643,0.23806922,0.2057471,0.17748976,
2020-12-31,yearly,,7616829000,7.5376005,5495581000,26247960000,1.6760206,1.6814471,17890068000,2.1377194,,0.07813551,0.2807881,5986755000,1042627970,3480740000,0.23159963,-0.048215598,0.23159963,-0.048215598,0.33464128,0.30718616,0.26732302,0.19271325,
2019-12-31,yearly,,5828920000,5.7695737,4938103000,23488864000,1.8502358,1.8554183,18796345000,2.4033532,,0.07235879,0.2778603,5729151000,-6421110000,-651155000,1.6315916,0.67039615,1.6315916,0.67039615,0.30480134,0.2627161,0.22917855,0.1444766,
2018-12-31,yearly,,4743990000,23.514524,2514300000,15314611000,1.4597483,1.4636762,11252627000,2.337084,,0.04552106,0.1771834,2915719000,-545010000,1839009000,-0.079545714,0.24044824,-0.079545714,0.24044824,0.2591145,0.22344115,0.1846798,0.10318124,
2017-12-31,yearly,,4173393000,20.998894,1791064100,8864391000,1.8354514,1.8393623,9071420000,1.5421417,,0.06890736,0.20964879,2625035000,1685784100,1057111000,0.40022352,0.14074616,0.40022352,0.14074616,0.2893742,0.19744031,0.15546982,0.13284393,
2016-12-31,yearly,,3057919000,15.390113,1522436000,6918479000,1.7292206,1.7350711,7952181000,1.4201403,,0.061403338,0.17922457,2148781000,-76727000,867699000,-0.119068824,0.09640764,-0.119068824,0.09640764,0.2702128,0.19144887,0.14825329,0.109797046,
2015-12-31,yearly,,2481340000,12.494885,1125459000,6077866000,1.6436108,1.6472608,7252942000,1.4371063,,0.07626384,0.22695525,1803932000,234124990,1197712000,0.26769793,0.07078945,0.26769793,0.07078945,0.24871728,0.15517275,0.11192465,0.13233912,
2014-12-31,yearly,,1963663000,9.895133,1217112100,5641213000,1.3848546,1.3914878,6773453000,1.6372579,,0.06926854,0.22654371,1700074000,-1030277000,-374076000,8.291723,0.43656442,8.291723,0.43656442,0.25099075,0.17968856,0.1362438,0.11523841,
2013-12-31,yearly,,1613017000,8.128185,539357000,4742129000,1.8099858,1.8243487,4715036000,1.6652797,,0.008624925,0.027572589,1042142000,177276000,-42626000,-0.5131955,0.5784222,-0.5131955,0.5784222,0.22102524,0.11439086,0.061201017,0.01665247,
2012-12-31,yearly,,1727245000,8.7037945,537392000,5077919000,1.2620561,1.2730752,2987183000,2.009048,,0.022798631,0.085091144,864319000,-1727817000,-199284000,-0.118759155,0.5082761,-0.118759155,0.5082761,0.2893425,0.17989926,0.14309268,0.0719976,
2011-12-31,yearly,,448400000,4.0908012,465790020,1695469000,1.3276489,1.3387696,1980528000,1.3471681,,0.07242755,0.1955984,703804030,-131736000,311561000,-0.15288217,0.10097594,-0.15288217,0.10097594,0.35536182,0.23518476,0.18047258,0.12429463,
2010-12-31,yearly,,550077000,5.036105,506809000,1596121000,1.6360555,1.6480044,1798884000,1.2558814,,0.08731734,0.22511145,692957000,56121000,257404000,,,,,0.38521495,0.28173524,0.2269824,0.15904193,
