endDate,type,currentPrice,totalCash,totalCashPerShare,ebitda,totalDebt,quickRatio,currentRatio,totalRevenue,debtToEquity,revenuePerShare,returnOnAssets,returnOnEquity,grossProfits,freeCashflow,operatingCashflow,earningsGrowth,revenueGrowth,earningsGrowthAnnual,revenueGrowthAnnual,grossMargins,ebitdaMargins,operatingMargins,profitMargins,financialCurrency
2025-12-31,yearly,,1558542000,5.546413,462747000,1828926000,5.095472,8.329161,1498822000,0.3572193,,0.0760904,0.1069543,625157000,-215816990,503785000,0.32230693,-0.039549746,0.32230693,-0.039549746,0.4170989,0.30874047,0.29480284,0.36535025,
2024-12-31,yearly,,770432000,3.4862895,363597000,1286988000,3.237043,6.841665,1560541000,0.2635582,,0.06629796,0.08779582,532812000,1413000,-28991000,0.6896064,0.44071394,0.6896064,0.44071394,0.34142774,0.2329942,0.21427889,0.27472398,
2023-12-31,yearly,,762275970,3.4493828,213446000,908103040,2.702983,6.2362823,1083172000,0.19300546,,0.04185793,0.052304495,343699000,-163420990,-228599010,-0.26251355,-0.03396893,-0.26251355,-0.03396893,0.31730786,0.19705643,0.17456138,0.22719938,
2022-12-31,yearly,,768677000,3.478348,252963010,582449000,2.3715463,4.914386,1121260000,0.12832259,,0.061823655,0.0753715,384229000,-218824990,-349661000,-0.24509215,0.17058127,-0.24509215,0.17058127,0.3426761,0.22560601,0.21381839,0.30510944,
2021-12-31,yearly,,897690000,4.062146,314567000,242510990,2.7220678,4.6859894,957866000,0.055506434,,0.08908229,0.10348608,441803000,176575010,8992000,0.0614888,0.02267499,0.0614888,0.02267499,0.46123675,0.32840398,0.32335943,0.4720253,
2020-12-31,yearly,,1076708000,4.743207,275372000,190132990,3.5631847,5.5027246,936627970,0.04596997,,0.08799563,0.10034439,403115000,89387000,-59681000,0.44160977,0.16439535,0.44160977,0.16439535,0.43038967,0.2940036,0.28413948,0.44310763,
2019-12-31,yearly,,1306913000,5.757326,229647010,152856990,4.8602333,7.40514,804390000,0.04012475,,0.067929536,0.076245606,328229000,-802060030,83760000,1.8816907,1.0585165,1.8816907,1.0585165,0.40804708,0.28549212,0.2736322,0.36109474,
2018-12-31,yearly,,494473980,2.47237,6049000,158503010,3.4219959,8.048104,390761980,0.060107045,,0.034350164,0.038740817,141856000,177031010,139639010,-0.72816783,-0.60139465,-0.72816783,-0.60139465,0.36302406,0.015480012,0.0067790626,0.26143792,
2017-12-31,yearly,,561513000,3.4030724,321159000,276401000,2.3989873,4.4089503,980323000,0.1077838,,0.11646081,0.14095488,434644000,699274000,735306000,0.5586783,0.71317154,0.5586783,0.71317154,0.44336817,0.32760528,0.32306904,0.36872032,
2016-12-31,yearly,,563855000,3.4172661,174952020,451662980,2.7416968,5.0850515,572227000,0.15878953,,0.06606118,0.08166254,270103000,20647000,117762000,-0.4815151,-0.29733178,-0.4815151,-0.29733178,0.47202072,0.30573884,0.29321757,0.40592632,
2015-12-31,yearly,,393329000,2.3837864,399444000,323640000,3.0269992,5.584465,814363000,0.1196206,,0.13505527,0.1642806,416959000,-120576000,74057000,-0.063907795,-0.14410198,-0.063907795,-0.14410198,0.51200634,0.49049872,0.48051175,0.5457886,
2014-12-31,yearly,,234482000,1.49296,446095000,588511000,1.5653338,2.2988086,951472000,0.24350744,,0.13875064,0.19610776,500147000,2721000,4646000,-0.19055542,-0.1646148,-0.19055542,-0.1646148,0.52565604,0.46884722,0.45863357,0.49812818,
2013-12-31,yearly,,199324990,1.3585018,572127000,355709000,2.7034662,3.953825,1138962000,0.16854525,,0.20662385,0.27896872,596189000,-86068000,23603000,0.7431476,0.42468017,0.7431476,0.42468017,0.5234494,0.50232315,0.4991422,0.5169215,
2012-12-31,yearly,,174747010,1.1909902,312143000,192059010,2.525163,4.048384,799451000,0.11456012,,0.15784308,0.20174281,414472000,-177956000,-135546000,0.021883715,0.07426379,0.021883715,0.07426379,0.5184458,0.3904467,0.38776484,0.42306533,
2011-12-31,yearly,,302327000,2.0605133,291047000,109848000,2.4781315,3.6376772,744185000,0.07750178,,0.18640879,0.23334986,375637000,71262000,109467000,0.34969682,0.16937226,0.34969682,0.16937226,0.50476295,0.39109498,0.38767514,0.44443384,
2010-12-31,yearly,,192506000,1.3120269,228211980,98353000,2.9023561,4.140811,636397000,0.08807926,,0.17768161,0.21982157,297668000,80195000,113244000,,,,,0.46773946,0.35860005,0.3569737,0.38570577,
