endDate,type,currentPrice,totalCash,totalCashPerShare,ebitda,totalDebt,quickRatio,currentRatio,totalRevenue,debtToEquity,revenuePerShare,returnOnAssets,returnOnEquity,grossProfits,freeCashflow,operatingCashflow,earningsGrowth,revenueGrowth,earningsGrowthAnnual,revenueGrowthAnnual,grossMargins,ebitdaMargins,operatingMargins,profitMargins,financialCurrency
2025-12-31,yearly,,2162391000,,2121459000,6429368000,1.8884093,1.9688758,8291182000,1.2615836,,0.04513232,0.11707999,2206037000,1617643000,2133775000,-0.005422236,0.07892647,-0.005422236,0.07892647,0.26607028,0.2558693,0.14728273,0.071964525,
2024-12-31,yearly,,2341743000,,1977703000,6442377000,2.4218078,2.510765,7684659000,1.1986195,,0.046213064,0.11231125,2143125000,-126142000,1930488100,0.45406577,0.18758108,0.45406577,0.18758108,0.27888355,0.2573573,0.15585859,0.078553125,
2023-12-31,yearly,,924133000,,1591313000,5362443000,1.5822371,1.6622369,6470850000,1.049182,,0.036340605,0.0823356,1739934000,1441717000,1439303900,0.3762488,0.44987497,0.3762488,0.44987497,0.26888803,0.24592024,0.14154786,0.06503365,
2022-12-31,yearly,,1309490000,2.5127933,1190310000,4392370000,1.8594627,1.9377167,4463040000,1.6261503,,0.039622705,0.11429888,1210110000,-397340000,987133000,-0.120076865,0.15245086,-0.120076865,0.15245086,0.2711403,0.26670387,0.16467945,0.06917505,
2021-12-31,yearly,,797094000,2.5070264,1056541000,3517113000,1.3836249,1.4437886,3872651000,1.8965464,,0.057870317,0.18953584,1126893000,427305980,1018669000,0.36178654,0.3032138,0.36178654,0.3032138,0.2909875,0.27282113,0.17230083,0.09076238,
2020-12-31,yearly,,1041805000,3.28266,837137000,3135439000,1.6373702,1.6942225,2971616000,1.7908096,,0.046518795,0.14676356,809729000,139960990,647141000,-0.17724302,0.022893822,-0.17724302,0.022893822,0.27248776,0.28171104,0.16108038,0.0864718,
2019-12-31,yearly,,804264000,2.5388064,880642000,2799137000,1.9454684,1.9881264,2905107000,1.5913446,,0.061278854,0.17755614,888392000,189690000,732317000,-0.05810878,0.09031613,-0.05810878,0.09031613,0.30580354,0.3031358,0.1928256,0.10750619,
2018-12-31,yearly,,808882000,2.5588346,692538000,1752001000,2.2533102,2.2958314,2664463000,1.0011657,,0.08479463,0.18948136,808501000,-104247000,701485000,0.03420588,0.11810725,0.03420588,0.11810725,0.30343863,0.25991654,0.18887371,0.12444721,
2017-12-31,yearly,,671830000,2.130682,619624960,1497299000,1.9486815,1.9823905,2383012000,0.8773949,,0.090895325,0.18787736,736076030,8651000,529607000,0.40161484,0.13687192,0.40161484,0.13687192,0.30888474,0.26001757,0.20011313,0.13454317,
2016-12-31,yearly,,406809980,2.5846307,484208000,1208905000,2.2034864,2.2807088,2096113000,0.7871885,,0.076102026,0.1489518,601051000,447917000,513870020,1.1310098,0.10615158,1.1310098,0.10615158,0.28674552,0.23100281,0.16165875,0.109130085,
2015-12-31,yearly,,624586000,3.9962413,358096000,1319324000,2.6715798,2.7108607,1894960000,0.7969632,,0.03350284,0.06484262,502886020,240536990,368921980,0.25105476,0.1286914,0.25105476,0.1286914,0.2653808,0.18897286,0.124350384,0.056646578,
2014-12-31,yearly,,505273980,3.2328563,308324000,1449987000,3.7866013,3.8382006,1678900000,0.9218183,,0.026731526,0.054547973,399979000,165236990,285709000,0.40330046,0.013280254,0.40330046,0.013280254,0.23823872,0.18364644,0.115632266,0.05110608,
2013-12-31,yearly,,539943000,3.4546766,278268000,1335418000,3.989214,4.0540233,1656896000,0.79064053,,0.019040741,0.0362,371976000,44950000,209584990,-0.42636132,0.103285894,-0.42636132,0.103285894,0.22450171,0.16794537,0.10230334,0.036902133,
2012-12-31,yearly,,180798000,1.1567862,314774020,876959000,2.6434999,2.720824,1501783000,0.5140717,,0.038926885,0.062481683,403253000,-204323010,167054000,0.05902809,0.33403954,0.05902809,0.33403954,0.26851615,0.2096002,0.14283755,0.070974305,
2011-12-31,yearly,,486006020,3.1095755,199571980,855922000,2.2533019,2.2997477,1125741000,0.52450025,,0.035542697,0.06167545,392503000,-498700000,145960000,-0.22579826,0.29166728,-0.22579826,0.29166728,0.3486619,0.17728056,0.1252908,0.08940511,
2010-12-31,yearly,,543451000,3.6230066,201576990,218447010,5.8145657,5.88604,871541000,0.21589875,,0.097879946,0.1284845,364153980,4936000,112919000,,,,,0.4178277,0.23128802,0.19345617,0.14916223,
