endDate,type,currentPrice,totalCash,totalCashPerShare,ebitda,totalDebt,quickRatio,currentRatio,totalRevenue,debtToEquity,revenuePerShare,returnOnAssets,returnOnEquity,grossProfits,freeCashflow,operatingCashflow,earningsGrowth,revenueGrowth,earningsGrowthAnnual,revenueGrowthAnnual,grossMargins,ebitdaMargins,operatingMargins,profitMargins,financialCurrency
2025-12-31,yearly,,6374797000,1.4166217,7422653000,18944170000,1.4031973,2.8930786,69858530000,0.352132,,0.017364055,0.026365759,7967493000,413788000,7987454000,-0.6962497,0.04224995,-0.6962497,0.04224995,0.11405183,0.10625263,0.05352343,0.020304436,
2024-12-31,yearly,,8276843000,4.080891,10613449000,18524353000,1.4896259,3.0106208,67026657000,0.31843126,,0.05297574,0.0790573,9203240000,6346893000,11381243000,-0.39128476,-0.027421437,-0.39128476,-0.027421437,0.13730717,0.15834668,0.11170484,0.068615414,
2023-12-31,yearly,,5343742000,2.5344043,13583275000,16159291000,1.2379831,2.5874116,68916445000,0.32818162,,0.10064724,0.1530698,11332455000,5365869000,11138710000,-0.3434373,-0.16375929,-0.3434373,-0.16375929,0.1644376,0.19709773,0.15167247,0.10936407,
2022-12-31,yearly,,5434998000,3.093222,20650693000,17159026000,0.9983105,2.3218,82412210000,0.37061977,,0.15555231,0.24794815,18751054000,6690654000,11150338000,-0.26259002,0.051912956,-0.26259002,0.051912956,0.22752762,0.25057808,0.21539836,0.13929431,
2021-12-31,yearly,,6786866000,1.5081925,23538930000,18728643000,1.1241148,2.325348,78345085000,0.4374252,,0.21078399,0.36339372,20817360000,9520830000,12516933000,5.5493083,0.78810203,5.5493083,0.78810203,0.26571366,0.3004519,0.26833874,0.19859494,
2020-12-31,yearly,,7658347000,4.4534106,7636220000,21987160000,1.2401898,2.0387704,43814662000,0.707319,,0.03783175,0.07682284,5930559000,4178829000,6407906000,0.9653502,0.10520258,0.9653502,0.10520258,0.13535558,0.17428458,0.11855358,0.054503534,
2019-12-31,yearly,,6294601000,3.660378,5258229000,20967533000,1.4244628,2.4561415,39644010000,0.77162755,,0.022533705,0.04478274,4203284000,-256659010,1642791900,-0.47751516,-0.1411513,-0.47751516,-0.1411513,0.1060257,0.13263616,0.08031312,0.030695356,
2018-12-31,yearly,,3349614000,1.9478364,5939040300,18663143000,0.980144,2.0581563,46159480000,0.7195132,,0.045365356,0.08968813,6149378000,4383156000,1999683000,7.411031,0.25033736,7.802753,0.25033736,0.13322026,0.1286635,0.08767919,0.050398793,
2017-12-31,yearly,,3376856000,1.9636779,3192622800,20698040000,1.4623457,2.331065,36917620000,0.86624646,,-0.006732707,-0.014173761,3604623900,1540647000,2076128000,0.87568885,-0.019495815,0.8826489,-0.019495815,0.09763966,0.08647965,0.029798018,-0.009173587,
2016-12-31,yearly,,6087794000,3.5401173,899595100,26197200000,1.3296988,2.0642257,37651670000,1.0791998,,-0.05282185,-0.118886515,3463726000,2447125000,3516366000,0.36485764,-0.13605785,0.3720762,-0.13605785,0.09199396,0.023892568,-0.04346049,-0.0766481,
2015-12-31,yearly,,6918840000,4.0233793,-607603000,32648532000,1.7037176,2.8204768,43581240000,1.0212117,,-0.06556823,-0.14375761,4290715000,4740661000,7162318000,-4.244369,0.024324067,-4.276124,0.024324067,0.09845325,-0.013941848,-0.07378202,-0.1054579,
2014-12-31,yearly,,5848805000,3.4011426,5126382000,24052870000,1.5201546,2.6609137,42546340000,0.7232959,,0.023609105,0.044756997,5140011000,1230141000,2570861000,-0.114197426,0.06731303,-0.114197426,0.06731303,0.12080971,0.120489374,0.06813714,0.0349824,
2013-12-31,yearly,,4222392000,2.4553661,4783874000,20796020000,1.3372982,2.5118353,39863038000,0.6494544,,0.029093891,0.05289388,5134577000,1394847000,4098412000,0.11089671,0.04953366,0.11089671,0.04953366,0.12880546,0.12000776,0.06909717,0.04248803,
2012-12-31,yearly,,2496840000,1.4519392,4175704000,19054412000,0.944482,2.0976627,37981667000,0.66165936,,0.028181408,0.051956534,4747566000,906022000,4344047000,-0.2892188,0.072722994,-0.2892188,0.072722994,0.12499625,0.109939985,0.061824694,0.03939374,
2011-12-31,yearly,,4578248000,2.6623,4650889000,18441984000,1.3663453,2.5555773,35406780000,0.6954042,,0.0419668,0.0790947,5108548000,-401140000,1710018000,-0.06383284,0.12784842,-0.06383284,0.12784842,0.14428163,0.13135588,0.081312336,0.05924221,
2010-12-31,yearly,,2176495000,5.27403,5537626000,19414782000,1.2242695,2.5778975,31393208000,0.96362674,,0.057293233,0.121968724,5519733000,2536058000,4139120100,,,,,0.1758257,0.17639567,0.11609365,0.07827741,
