endDate,type,currentPrice,totalCash,totalCashPerShare,ebitda,totalDebt,quickRatio,currentRatio,totalRevenue,debtToEquity,revenuePerShare,returnOnAssets,returnOnEquity,grossProfits,freeCashflow,operatingCashflow,earningsGrowth,revenueGrowth,earningsGrowthAnnual,revenueGrowthAnnual,grossMargins,ebitdaMargins,operatingMargins,profitMargins,financialCurrency
2025-12-31,yearly,,6403655000,4.2691035,7411463000,18944272000,1.4088407,2.8972347,69858530000,0.35173994,,0.01729148,0.026248736,7967493000,413294020,7983723000,-0.691555,0.04224995,-0.691555,0.04224995,0.11405183,0.10609245,0.05336325,0.020236956,
2024-12-31,yearly,,8370848300,8.423869,10600569000,18524383000,1.4944841,3.0079367,67026657000,0.3179949,,0.05302576,0.07914538,9203240000,6656677000,11688689000,-0.39663625,-0.027421437,-0.39663625,-0.027421437,0.13730717,0.15815452,0.111512676,0.06878624,
2023-12-31,yearly,,5640724000,5.4620824,13540370000,16152432000,1.2661113,2.6131997,68916445000,0.32582837,,0.10082209,0.15300722,11332455000,6084430000,11854805000,-0.31626087,-0.16375929,-0.31626087,-0.16375929,0.1644376,0.19647516,0.1510499,0.110062174,
2022-12-31,yearly,,6345860000,6.13814,20588394000,17107693000,1.067315,2.3877358,82412210000,0.36176813,,0.15330155,0.24238738,18751054000,6520794000,10980478000,-0.2604424,0.051912956,-0.2604424,0.051912956,0.22752762,0.24982214,0.21464242,0.13908479,
2021-12-31,yearly,,7555032000,6.9487963,23500478000,18715054000,1.1798952,2.3807666,78345085000,0.42901742,,0.2084646,0.35655674,20817360000,10199835000,13193250000,4.8002453,0.78810203,4.8002453,0.78810203,0.26571366,0.29996112,0.26784796,0.19853316,
2020-12-31,yearly,,9112813000,8.381577,7628152000,21982085000,1.3692526,2.1604252,43814662000,0.6737961,,0.036803976,0.07306193,5930559000,2700822000,4927433000,1.0535965,0.10520258,1.0535965,0.10520258,0.13535558,0.17410044,0.11836928,0.05440165,
2019-12-31,yearly,,6294662000,5.7895617,5249007000,20955390000,1.429452,2.4606054,39644010000,0.76964754,,0.02214159,0.043953203,4203284000,-298028000,1601423000,-0.46798664,-0.1411513,-0.46798664,-0.1411513,0.1060257,0.13240354,0.08008022,0.03018678,
2018-12-31,yearly,,3350687000,3.395283,5914531000,19289547000,0.91691315,1.9181693,46159480000,0.7602549,,0.043640383,0.08831186,6149378000,4425038000,2041565000,4.9304724,0.25033736,2.974756,0.25033736,0.13322026,0.12813254,0.087147996,0.048542358,
2017-12-31,yearly,,3376951000,3.4343386,3184281900,21298495000,1.4659446,2.3332124,36917620000,0.91243994,,-0.008035704,-0.017333815,3604623900,1515494000,2050975000,0.85246325,-0.019495815,0.87217057,-0.019495815,0.09763966,0.08625372,0.029571785,-0.010959862,
2016-12-31,yearly,,6164528000,6.286779,891194000,26851473000,1.2803352,1.9803092,37651670000,1.1497419,,-0.057803296,-0.13553147,3463726000,2897725000,3325678000,0.40840057,-0.13605785,0.37059733,-0.13605785,0.09199396,0.023669442,-0.043683905,-0.08406663,
2015-12-31,yearly,,6952538000,7.617704,-728485000,34233844000,1.6241724,2.6795423,43581240000,1.1234428,,-0.07161863,-0.16503444,4290715000,4359420000,6781077000,-12.5217,0.024324067,-25.87805,0.024324067,0.09845325,-0.016715564,-0.07655601,-0.115393065,
2014-12-31,yearly,,5939672000,14.392871,5097391000,26290985000,1.392401,2.4275885,42546340000,0.8415631,,0.017474027,0.03537992,5140011000,1204427000,2545147000,-0.59981114,0.06731303,-0.59981114,0.06731303,0.12080971,0.11980798,0.06745551,0.025978545,
2013-12-31,yearly,,4222806000,10.232602,4746974000,22930448000,1.3289223,2.492362,39863038000,0.76005304,,0.02598935,0.050397854,5134577000,1252066000,3955631000,0.105955146,0.04953366,0.105955146,0.04953366,0.12880546,0.11908209,0.068171196,0.038142603,
2012-12-31,yearly,,2497329000,6.051468,4148034000,21310510000,0.8112298,1.7994059,37981667000,0.79462415,,0.024970474,0.049692728,4747566000,834947970,4272973000,-0.39945063,0.072722994,-0.39945063,0.072722994,0.12499625,0.109211475,0.06109408,0.035087377,
2011-12-31,yearly,,4578669000,11.094921,4640435000,20608076000,1.3693885,2.55916,35406780000,0.839399,,0.039457083,0.08063419,5108549000,-400462020,1710695900,-0.15090364,0.12784842,-0.15090364,0.12784842,0.14428166,0.13106063,0.08101474,0.05591158,
2010-12-31,yearly,,2182610000,5.288848,5498284000,21499003000,1.2320036,2.5884035,31393208000,1.1754558,,0.053092368,0.12516002,5519733000,2514349000,4117285000,,,,,0.1758257,0.17514247,0.114837736,0.07291921,
