endDate,type,currentPrice,totalCash,totalCashPerShare,ebitda,totalDebt,quickRatio,currentRatio,totalRevenue,debtToEquity,revenuePerShare,returnOnAssets,returnOnEquity,grossProfits,freeCashflow,operatingCashflow,earningsGrowth,revenueGrowth,earningsGrowthAnnual,revenueGrowthAnnual,grossMargins,ebitdaMargins,operatingMargins,profitMargins,financialCurrency
2025-12-31,yearly,,7863422000,120.97572,2326337000,19336837000,1.8335247,1.898895,31577240000,0.40076122,,-0.001966653,-0.0029464911,3723539000,3517720000,2063160100,0.7816929,0.09208265,0.7810683,0.09208265,0.11791845,0.07367132,0.046128985,-0.0045022615,
2024-12-31,yearly,,8774375000,1.1637931,1494104100,20523830000,2.038846,2.1086452,28914698000,0.4216337,,-0.008835089,-0.013340532,3300753000,500869000,2726232000,0.14332439,0.041228544,0.14263496,0.041228544,0.11415485,0.05167282,0.025626794,-0.022458335,
2023-12-31,yearly,,7003623000,0.9289286,1655022000,19368264000,1.328248,1.3759956,27769790000,0.3932232,,-0.010349075,-0.015377258,3039876000,1457034000,2334666000,,0.16931325,0.023754928,0.16931325,0.109467015,0.05959793,0.042191785,-0.027274568,
2022-12-31,yearly,,4599656000,0.64382577,2031415900,18709002000,1.0236293,1.0611914,23748803000,0.3837216,,-0.010596906,-0.015912456,5655096000,3071795000,971907000,-1.0,1.4029018,-2.5585513,1.4029018,0.2381213,0.08553761,-0.006563152,-0.032668553,
2021-12-31,yearly,,2067280100,0.2894386,1438355000,7990193000,0.9927165,1.0419976,9883385000,0.75571716,,0.02378657,0.047322072,3065926000,-4126447000,212410000,-0.364623,0.15528113,-0.364623,0.15528113,0.3102101,0.14553262,0.05496801,0.05062395,
2020-12-31,yearly,,2477332000,0.66596204,2019623000,3611034000,1.6035053,1.6514522,8554961000,0.46112117,,0.058085453,0.10028097,3345983000,387862020,1325635000,-0.078087844,0.51834923,-0.078087844,0.51834923,0.3911161,0.23607624,0.14811721,0.09179457,
2019-12-31,yearly,,1404647000,1.8905432,1233319900,3521416000,1.1966143,1.2382684,5634383000,0.4849176,,0.06840111,0.1173037,2233958000,-4241917000,656779000,0.079183966,0.23131743,0.079183966,0.23131743,0.3964867,0.21889175,0.1834231,0.15118709,
2018-12-31,yearly,,887847000,1.3212823,912973000,283323000,1.2726806,1.2921106,4575898000,0.07857304,,0.16165403,0.2186261,1821236000,-1622136100,516696000,0.2137929,0.18916856,0.2137929,0.18916856,0.39800626,0.19951777,0.19023916,0.17227963,
2017-12-31,yearly,,907023000,13.9542,824440000,324149000,0.82667404,0.8344957,3847981000,0.68675196,,0.24879988,1.3783768,1609281000,209552990,618547970,,,,,0.41821438,0.21425262,0.20360081,0.16907516,
