endDate,type,currentPrice,totalCash,totalCashPerShare,ebitda,totalDebt,quickRatio,currentRatio,totalRevenue,debtToEquity,revenuePerShare,returnOnAssets,returnOnEquity,grossProfits,freeCashflow,operatingCashflow,earningsGrowth,revenueGrowth,earningsGrowthAnnual,revenueGrowthAnnual,grossMargins,ebitdaMargins,operatingMargins,profitMargins,financialCurrency
2025-12-31,yearly,,1645541000,,2081499000,9834085000,0.9655118,1.471275,7699157000,0.7851957,,0.047306295,0.09502527,4545507000,1884928000,2574431000,-0.10859216,0.034490045,-0.10859216,0.034490045,0.5903902,0.27035415,0.22915184,0.15457952,
2024-12-31,yearly,,1739327000,2.7459266,2101005000,9910812000,1.2038503,1.6958697,7442466000,0.81895226,,0.054190744,0.10997314,4380999000,1947161000,2539599000,-0.18627277,-0.059660442,-0.18627277,-0.059660442,0.58864886,0.28229958,0.24453588,0.17882177,
2023-12-31,yearly,,2580893000,4.0745316,2756123000,10467181000,1.267385,1.73931,7914658000,0.90877724,,0.06734533,0.14330336,4995544000,1604805000,2395993000,-0.028724575,0.048805416,-0.028724575,0.048805416,0.63117623,0.3482302,0.31812,0.20854343,
2022-12-31,yearly,,2862473000,4.51907,2651852000,10105676000,1.2122302,1.6324983,7546355000,0.9484052,,0.07149458,0.15939265,4761524000,296456000,2038793000,0.27551255,0.27099225,0.27551255,0.27099225,0.63097006,0.35140833,0.32900003,0.22506216,
2021-12-31,yearly,,2287062000,3.610652,2101687000,7773613000,1.8685771,2.3380415,5937373000,0.79052585,,0.06712623,0.13528337,3802886000,-3013294000,1399131000,0.027095642,0.45208126,0.027095642,0.45208126,0.6404998,0.35397592,0.33145988,0.22405615,
2020-12-31,yearly,,4743298000,7.488384,1440366000,5847662000,2.6601558,3.0111694,4088871000,0.6328149,,0.075080015,0.14015323,2629275000,-712059000,1183054000,0.11260448,0.24102655,0.11260448,0.24102655,0.643032,0.35226497,0.32255456,0.3167417,
2019-12-31,yearly,,2246436000,,1206047000,1737862100,2.5767221,2.9973464,3294749000,0.19952263,,0.09765866,0.13364254,2085692000,517353980,823882000,0.030487668,-0.11533952,0.030487668,-0.11533952,0.6330352,0.36605126,0.32951644,0.35330155,
2018-12-31,yearly,,1646868900,,1318705000,976623000,2.6222367,3.0426624,3724309000,0.1181255,,0.10700036,0.13662864,2665277000,895966000,1066494000,0.17064135,0.023595436,0.17064135,0.023595436,0.71564335,0.35408044,0.33020192,0.30330485,
2017-12-31,yearly,,1522135000,,1236908000,1019754000,2.0299819,2.295818,3638458000,0.13178933,,0.09525176,0.12470561,2711712000,1591589000,932611970,-0.17847492,0.10633563,-0.17847492,0.10633563,0.74529153,0.3399539,0.3188153,0.2652063,
2016-12-31,yearly,,1348007900,2.1321206,1141145000,1109691000,2.8552704,3.0735018,3288747000,0.12594952,,0.102266565,0.1333137,2441960000,3331496000,881756030,1.097933,0.11232243,1.097933,0.11232243,0.74251986,0.34698474,0.32504204,0.3571494,
2015-12-31,yearly,,2756138000,4.3593354,990839000,5208314000,2.8063228,2.9166636,2956649000,0.64857024,,0.03538247,0.06971859,2210138000,1920429000,323692000,0.39031276,-0.36828437,0.39031276,-0.36828437,0.7475145,0.3351223,0.29894012,0.18936032,
2014-12-31,yearly,,1829905000,2.894879,1019617000,5153622000,1.3929657,1.6143231,4680348000,0.68935895,,0.02899654,0.053865302,2981995000,732222000,664001000,0.5686034,0.09899829,0.5686034,0.09899829,0.63713104,0.21785069,0.19444858,0.08603954,
2013-12-31,yearly,,1158833000,1.8333042,1001463040,4275652000,1.6603757,1.9688131,4258740000,0.60402703,,0.020534497,0.03626746,2748852000,544076030,665785000,0.25897816,0.09940333,0.25897816,0.09940333,0.6454613,0.23515478,0.21052143,0.06028121,
2012-12-31,yearly,,1736402000,2.7470334,868264000,4475381000,2.1538255,2.4183307,3873683000,0.65159327,,0.01611131,0.02968872,2409113000,689091000,713805000,4.731185,0.1651471,4.731185,0.1651471,0.62191796,0.22414431,0.19892825,0.0526406,
2011-12-31,yearly,,2596325000,4.1382523,534473000,5611965000,2.6112833,2.9492347,3324630000,0.8444208,,-0.0041013,-0.0082232235,2004064000,48843000,580234000,-1.2086705,0.052188635,-1.2086705,0.052188635,0.6027931,0.16076165,0.12663335,-0.01643822,
2010-12-31,yearly,,2409503000,4.398136,661256000,3668184000,2.3000796,2.5664124,3159728100,0.7250678,,0.026223712,0.05176839,1806425000,-499625000,67236000,,,,,0.57170266,0.20927623,0.19367361,0.082887195,
