endDate,type,currentPrice,totalCash,totalCashPerShare,ebitda,totalDebt,quickRatio,currentRatio,totalRevenue,debtToEquity,revenuePerShare,returnOnAssets,returnOnEquity,grossProfits,freeCashflow,operatingCashflow,earningsGrowth,revenueGrowth,earningsGrowthAnnual,revenueGrowthAnnual,grossMargins,ebitdaMargins,operatingMargins,profitMargins,financialCurrency
2025-12-31,yearly,,1753854000,1.4538382,1250129000,4295875000,2.4493554,2.4938025,1486833000,0.9234739,,0.061342508,0.12523496,1115626000,-199394000,328860000,0.4569842,0.20260364,0.4569842,0.20260364,0.7503371,0.84079987,0.75518167,0.39182344,
2024-12-31,yearly,,1808459000,1.4991025,914762000,3639589000,2.7273412,2.7642996,1236345000,0.84444827,,0.047022805,0.09277822,829678000,184418000,447107000,0.31195912,0.0684277,0.31195912,0.0684277,0.6710732,0.7398922,0.58306056,0.323434,
2023-12-31,yearly,,1598187000,1.3048451,796507000,3410173000,2.124664,2.1588438,1157163000,0.8163156,,0.039649222,0.07395157,738955000,-80083000,378103000,39.263344,0.13855782,39.263344,0.13855782,0.63859195,0.6883274,0.53763473,0.26697537,
2022-12-31,yearly,,1829858000,1.4939938,653800000,3156657000,1.2527028,1.2747012,1016341000,0.76847535,,0.0015930395,0.0031212205,595457000,-218066000,192739010,-0.9683379,0.18445827,-0.9683379,0.18445827,0.5858831,0.643288,0.48681495,0.01261486,
2021-12-31,yearly,,2004126000,1.7835399,496769980,3746482000,4.583976,4.6357303,858064000,1.0889245,,0.046957035,0.100625366,488841000,127185000,174439010,2.1244967,0.26807988,2.1244967,0.26807988,0.56970227,0.57894284,0.39785376,0.40347224,
2020-12-31,yearly,,1613885000,18.362728,483279000,3722472000,2.3190932,2.3311584,676664000,1.1727964,,0.025104683,0.055475496,401345000,-1034123000,123548000,-0.40542808,-0.104175135,-0.40542808,-0.104175135,0.593123,0.71420825,0.49400887,0.2602178,
2019-12-31,yearly,,998364030,11.359351,610930000,2575561000,4.133779,4.1559277,755353000,0.8517715,,0.049684353,0.09444766,503137980,10506000,403155000,0.16803747,0.045317918,0.16803747,0.045317918,0.6660965,0.80880064,0.639313,0.37808546,
2018-12-31,yearly,,664614000,7.561955,544728000,2392339000,3.1023414,3.1230469,722606000,0.8379354,,0.044424113,0.08394419,505275000,-4185000,389229000,0.4324131,0.04236803,0.4324131,0.04236803,0.69923997,0.75383824,0.6020847,0.33166623,
2017-12-31,yearly,,482856000,5.493919,510052000,2240718000,1.960911,1.9728576,693235000,0.795516,,0.03579205,0.06578869,480932000,206028990,308111000,2.5661752,0.03667509,2.5661752,0.03667509,0.6937503,0.7357563,0.5822672,0.26730618,
2016-12-31,yearly,,651340030,6.9758024,494951970,2519030000,1.8397508,1.8514185,668710000,0.90482914,,0.016747832,0.03250773,460287000,205767010,283641000,1.1716142,0.050342493,1.0379283,0.050342493,0.6883208,0.7401594,0.54091305,0.1353367,
2015-12-31,yearly,,661773000,6.8653016,-182643010,2527074000,1.5497092,1.5602192,636659000,0.92048305,,-0.104479186,-0.2070917,425769000,-12912000,242944990,0.2724483,0.10231003,-0.6329617,0.10231003,0.6687552,-0.28687727,-0.45734373,-0.89301336,
2014-12-31,yearly,,957519000,0.9933401,-55778000,2523668000,2.4668884,2.4791698,577568000,0.7974327,,-0.05970258,-0.11001469,397089980,-1128818000,100231000,-15.589289,0.37749708,-30.411049,0.37749708,0.68752074,-0.09657391,-0.25066832,-0.60281736,
2013-12-31,yearly,,1474596000,1.5297611,225736000,2616131000,3.3958025,3.403531,419288000,0.8752207,,0.013606306,0.026258986,302393000,-1609720100,-8595000,-0.8404969,-0.91847014,-0.8404969,-0.91847014,0.72120595,0.5383794,0.42608422,0.18720068,
2012-12-31,yearly,,2684803000,2.7852423,1722012000,9922542000,1.5325671,1.5512849,5142754000,2.152005,,0.013504317,0.049388222,1927241000,-998850000,349719000,-0.90468204,0.0037848186,-0.90468204,0.0037848186,0.37474883,0.33484238,0.15848202,0.04427997,
2011-12-31,yearly,,3522009000,3.6537685,2659201000,9666661000,1.7166642,1.7253729,5123363000,1.8157555,,0.05752307,0.18588188,1880871000,-2204787000,1207192100,125.25848,-0.28540832,125.25848,-0.28540832,0.36711648,0.51903427,0.3283279,0.19315282,
2010-12-31,yearly,,3408459000,3.5359704,2474865000,11878145000,1.2733961,1.2780023,7169637000,2.2226505,,0.0171529,0.06442988,3050203000,723688000,2076107000,,,,,0.4254334,0.34518692,0.14215015,0.048025023,
