endDate,type,currentPrice,totalCash,totalCashPerShare,ebitda,totalDebt,quickRatio,currentRatio,totalRevenue,debtToEquity,revenuePerShare,returnOnAssets,returnOnEquity,grossProfits,freeCashflow,operatingCashflow,earningsGrowth,revenueGrowth,earningsGrowthAnnual,revenueGrowthAnnual,grossMargins,ebitdaMargins,operatingMargins,profitMargins,financialCurrency
2025-12-31,yearly,,5113978000,62.485306,644982000,6041447000,,1.4588897,5211349000,1.1436307,,0.024990035,0.07400491,578687000,210424990.0,250920000.0,,-0.13975382,-0.5148001,-0.13975382,0.11104361,0.12376489,0.10744167,0.075018,
2024-12-31,yearly,,3720537000,45.459503,886243000,6741827000,,1.0470012,6057974000,1.3686045,,0.04899049,0.16356687,776731000,58950000.0,149311010.0,,0.04543178,7.5056157,0.04543178,0.1282163,0.14629363,0.13046655,0.13300487,
2023-12-31,yearly,,2568226000,1.0406564,-321013000,6801339000,,0.7454985,5794710000,1.5975354,,-0.007997517,-0.029091263,-325688000,402448000.0,490809000.0,1.0,-0.17771031,0.8035143,-0.17771031,-0.056204367,-0.055397596,-0.0653729,-0.02137346,
2022-12-31,yearly,,4154393000,50.50135,6640739000,15785269000,0.77728236,0.7816761,7047042000,3.8751016,,-0.027432892,-0.15474145,-1439154000,,,0.07669536,-0.11773327,0.07669536,-0.11773327,-0.20422101,0.9423442,0.00924771,-0.0894476,
2021-12-31,yearly,,4005115000,3.1588814,8718265000,16724466000,0.79729205,0.8062743,7987428000,4.6017637,,-0.030108836,-0.18784627,-1576708000,,,0.5512275,-0.058160625,0.5512275,-0.058160625,-0.1973987,1.0914984,-0.0011469274,-0.08547194,
2020-12-31,yearly,,3866903000,3.049872,7985703000,14887314000,0.8826397,0.91660243,8480669000,3.4978523,,-0.06695416,-0.3574287,-1566121000,,,-2.2571175,0.2830022,-2.2571175,0.2830022,-0.18466951,0.94163597,0.024677534,-0.17938007,
2019-12-31,yearly,,884091000,0.9445417,6329792000,11418933000,0.8321456,0.8906992,6610019000,2.894423,,0.06914476,0.30673608,691107970,,,-0.0071185827,0.14664945,-0.0071185827,0.14664945,0.10455461,0.9576057,0.07214291,0.1830736,
2018-12-31,yearly,,2638605000,8.4570675,2972363000,9727709000,0.9598682,0.9701547,5764638000,2.4314532,,0.0764594,0.3046396,1334055900,,,0.31754607,0.21674028,0.31754607,0.21674028,0.23142059,0.51562005,0.013446118,0.21142629,
2017-12-31,yearly,,1622128000,5.199128,2528050000,9104634000,0.8411386,0.8565202,4737772000,2.5423536,,0.06449393,0.2583085,890630000,,,0.08845547,0.13829236,0.08845547,0.13829236,0.18798499,0.53359467,0.011279775,0.19525,
2016-12-31,yearly,,1079048100,13.184383,2402725000,8777633000,0.75663966,0.7713601,4162175000,2.637338,,0.06255884,0.25535414,739494000,,,,,,,0.17767009,0.5772763,0.019182999,0.20418988,
