endDate,type,currentPrice,totalCash,totalCashPerShare,ebitda,totalDebt,quickRatio,currentRatio,totalRevenue,debtToEquity,revenuePerShare,returnOnAssets,returnOnEquity,grossProfits,freeCashflow,operatingCashflow,earningsGrowth,revenueGrowth,earningsGrowthAnnual,revenueGrowthAnnual,grossMargins,ebitdaMargins,operatingMargins,profitMargins,financialCurrency
2025-12-31,yearly,,2164986000,3.2858415,4166598000,24482350000,3.7178519,3.7563853,9411153000,1.1420598,,0.053197928,0.11713456,3703115000,-841569000,-1215500000,-0.30028364,0.18132898,-0.30028364,0.18132898,0.39348155,0.4427298,0.43904355,0.26681268,
2024-12-31,yearly,,3400742000,5.161372,5168635000,21172523000,2.4029105,2.4318197,7966581000,1.0548664,,0.08204044,0.17700568,3737461000,1136300000,-181476990,0.23135236,0.28172377,0.23135236,0.28172377,0.4691424,0.6487896,0.6441004,0.4459543,
2023-12-31,yearly,,1772027000,2.6894398,3967446000,16327602000,2.3779612,2.4454288,6215521000,0.91770834,,0.080542155,0.16256796,3708879900,283457980,589848000,0.25588387,0.14034331,0.25588387,0.14034331,0.59671265,0.6383127,0.6343084,0.46534505,
2022-12-31,yearly,,1243849000,1.8878138,3517810000,14594740000,3.610921,3.610921,5450570000,0.8825783,,0.07194589,0.14028323,3279624000,500608000,599693000,-0.25056458,-0.015098853,-0.25056458,-0.015098853,0.6017029,0.64540225,0.64035726,0.4256052,
2021-12-31,yearly,,1096266000,1.6638242,4460019000,13767910000,3.0490296,3.0490296,5534129000,0.93072104,,0.1048361,0.2053581,4121666000,-929869000,898925000,-0.10200913,0.4971559,-0.10200913,0.4971559,0.7447723,0.80591166,0.80179137,0.54892254,
2020-12-31,yearly,,2520894000,3.8260098,4447033000,9415790000,3.9800167,4.01302,3696428000,0.6665837,,0.13754883,0.23947215,2560440000,1184795000,1376437000,0.907094,0.11838265,0.907094,0.11838265,0.6926795,1.2030623,1.1977081,0.9151132,
2019-12-31,yearly,,2664582000,4.044088,2361135000,7309046300,2.9889562,3.053207,3305155000,0.53111863,,0.08238544,0.12930547,2352978000,1507876000,1350697000,-0.06326143,0.03783802,-0.06326143,0.03783802,0.71191156,0.7143795,0.7083396,0.5383865,
2018-12-31,yearly,,697649000,1.0588355,2468072000,6973775000,4.564353,4.62686,3184654000,0.61717415,,0.10221239,0.16772784,2459407900,1211664000,1314377000,0.3779946,0.17898054,0.3779946,0.17898054,0.7722685,0.77498907,0.7720958,0.59511805,
2017-12-31,yearly,,616651000,3.7436128,2056948000,5714853000,3.3025684,3.350267,2701193000,0.5102704,,0.0803064,0.12370559,2107915000,184960000,566858000,-0.7231497,-0.6532148,-0.7231497,-0.6532148,0.78036445,0.7614961,0.7579321,0.51290673,
2016-12-31,yearly,,340661980,2.0681171,7402236000,4435952000,2.7469912,2.8100762,7789240000,0.43079528,,0.32848838,0.48065212,7294267000,236024990,135026000,8.77799,5.0516343,8.77799,5.0516343,0.93645424,0.95031554,0.9491523,0.63540655,
2015-12-31,yearly,,446189020,2.7669013,622579000,1653243000,2.032507,2.128351,1287130000,0.29977202,,0.07047376,0.09377804,711804030,594729000,530891000,0.33371237,0.16715996,0.33371237,0.16715996,0.5530164,0.4836955,0.47707224,0.40181333,
2014-12-31,yearly,,484297000,3.003216,457176000,1654119000,2.921648,3.0177886,1102788000,0.3163591,,0.053167824,0.07262578,561170000,474011000,495897980,10.84847,0.12395431,10.84847,0.12395431,0.5088648,0.4145638,0.40652964,0.34433818,
2013-12-31,yearly,,600026050,3.9304328,-202147010,1716682000,2.012981,2.0943313,981168000,0.34945557,,0.0045531793,0.006497984,417233980,1094898000,1949939000,-0.96215594,-0.6519432,-0.96215594,-0.6519432,0.42524213,-0.2060269,-0.21350676,0.032533675,
2012-12-31,yearly,,429235000,2.8116767,1443132000,4404158000,1.8783721,1.9078417,2818988000,0.8672624,,0.08575017,0.16609882,1568423900,8781000,186300990,-0.07841709,-0.02820493,-0.07841709,-0.02820493,0.55637836,0.5119327,0.5101575,0.2992166,
2011-12-31,yearly,,207295010,1.357873,1425761900,3346548000,0.93061,0.95666504,2900805000,0.737217,,0.10883649,0.20162426,1577396000,-43316000,-25396000,1.9971577,0.28565484,1.9971577,0.28565484,0.5437787,0.4915056,0.48938963,0.31551933,
2010-12-31,yearly,,54983000,0.3621377,1152290000,1888101000,1.9064627,1.9614851,2256286000,0.4137093,,0.11717242,0.17795801,1308016000,470683000,474288000,,,,,0.57972085,0.5107021,0.508022,0.35995924,
