endDate,type,currentPrice,totalCash,totalCashPerShare,ebitda,totalDebt,quickRatio,currentRatio,totalRevenue,debtToEquity,revenuePerShare,returnOnAssets,returnOnEquity,grossProfits,freeCashflow,operatingCashflow,earningsGrowth,revenueGrowth,earningsGrowthAnnual,revenueGrowthAnnual,grossMargins,ebitdaMargins,operatingMargins,profitMargins,financialCurrency
2025-12-31,yearly,,5919000000,0.43844444,19380000000,14938000000,2.684624,3.1787317,8249000000,0.15997173,,0.14884834,0.17723471,2010000000,18202000000,166000000,0.11564488,0.0017000607,0.11564488,0.0017000607,0.2436659,2.3493757,2.1965086,2.0063038,
2024-12-31,yearly,,6962000000,0.58016664,17619000000,15225000000,1.8831371,2.1674168,8235000000,0.16026822,,0.12987567,0.15671021,2452000000,7002000000,613000000,0.097430564,0.11540025,0.097430564,0.11540025,0.29775348,2.1395264,1.9900424,1.8077717,
2023-12-31,yearly,,7693000000,0.64108336,15286000000,14608999000,2.344727,2.6371405,7383000000,0.16782309,,0.13268405,0.16057438,2377000000,6926000000,298000000,-0.01521135,-0.12997879,-0.01521135,-0.12997879,0.32195583,2.0704322,1.9111472,1.8932683,
2022-12-31,yearly,,6476999700,0.53975,16423999000,13665000000,1.3707025,1.5888028,8486000000,0.17854576,,0.14646564,0.184935,2875000000,1998000000,-134000000,0.12081976,0.03867809,0.12081976,0.03867809,0.3387933,1.935423,1.8346689,1.6679237,
2021-12-31,yearly,,5392000000,0.6105518,13819000000,11923000000,1.4310967,1.6770208,8170000000,0.17153421,,0.15458067,0.1912154,2873999900,1479000100,1380000000,0.7290248,0.3894558,0.7290248,0.3894558,0.35177478,1.6914321,1.60306,1.6268054,
2020-12-31,yearly,,4360000000,0.51838017,8351000000,8815000000,1.90397,2.1520922,5880000000,0.14538288,,0.101157025,0.12112216,1852000000,3599000000,1346000000,-0.31574857,0.17412141,-0.31574857,0.17412141,0.314966,1.4202381,1.3136055,1.2489796,
2019-12-31,yearly,,3581999900,0.42588025,11719999000,7421000000,2.1459627,2.4770963,5008000000,0.12716556,,0.15663347,0.18110938,1290000000,10239000000,802000000,0.09283584,-0.06827907,0.09283584,-0.06827907,0.25758785,2.3402555,2.1952875,2.1104233,
2018-12-31,yearly,,3451000000,0.41030496,10752000000,6457000000,2.3206043,2.6554763,5375000000,0.111176156,,0.14666344,0.16718608,1364000000,7687000000,-662000000,0.122932285,0.08170658,0.122932285,0.08170658,0.25376743,2.0003722,1.8468838,1.8065116,
2017-12-31,yearly,,2657000200,0.3555167,9182000000,7123999700,1.5006075,1.7554678,4969000000,0.12671196,,0.12994815,0.15157768,1295000100,1364999900,669000000,0.023383267,0.06016642,0.023383267,0.06016642,0.26061583,1.8478568,1.728718,1.7150332,
2016-12-31,yearly,,2744000000,0.36467052,8874000000,5203999700,1.4786826,1.7102374,4687000000,0.10268553,,0.13920705,0.16211843,1046000000,2767000000,475000000,-0.07408661,-0.040532243,-0.07408661,-0.040532243,0.22317047,1.893322,1.7557073,1.7529336,
2015-12-31,yearly,,2456000000,0.33054703,9699000000,4451999700,1.6167138,1.9208294,4885000000,0.09300188,,0.16403429,0.18788385,1154000000,2960000000,986000000,0.1209708,-0.027086237,0.1209708,-0.027086237,0.23623337,1.9854658,1.8562948,1.8411463,
2014-12-31,yearly,,2186999800,0.3235782,8974000000,4222000100,1.4608054,1.7162619,5021000000,0.09995502,,0.16794254,0.19321007,1254000000,2048999900,805000000,0.3883819,-0.050671205,0.3883819,-0.050671205,0.24975105,1.7872933,1.657638,1.6253735,
2013-12-31,yearly,,1625000100,0.26595163,7164999700,3956000000,1.5529573,1.8060522,5289000000,0.10996831,,0.14336139,0.1670929,1560000000,1664999900,518000000,0.25534257,-0.06439059,0.25534257,-0.06439059,0.2949518,1.3546984,1.2259406,1.1365098,
2012-12-31,yearly,,123049000000,23.076567,-11362000000,151503000000,1.1912239,1.1956174,5653000000,4.6318445,,0.013845507,0.15408604,1616000000,859000000,19611000000,-0.061608434,0.10973694,-0.061608434,0.10973694,0.2858659,-2.0099063,-2.2699451,0.891562,
2011-12-31,yearly,,106166000000,21.901367,-10751000000,130698000000,1.277739,1.282913,5094000000,4.047631,,0.017201813,0.16621245,1815000100,-2877000000,-1734000000,0.09508716,-0.027862595,0.09508716,-0.027862595,0.35630155,-2.1105223,-2.3961523,1.0535924,
2010-12-31,yearly,,103006000000,23.548096,-12992000000,101830000000,1.213537,1.2181212,5240000000,3.4898386,,0.018187094,0.17180164,1616000000,-12662000000,-9939000000,,,,,0.30839694,-2.4793894,-2.7125955,0.9566794,
