endDate,type,currentPrice,totalCash,totalCashPerShare,ebitda,totalDebt,quickRatio,currentRatio,totalRevenue,debtToEquity,revenuePerShare,returnOnAssets,returnOnEquity,grossProfits,freeCashflow,operatingCashflow,earningsGrowth,revenueGrowth,earningsGrowthAnnual,revenueGrowthAnnual,grossMargins,ebitdaMargins,operatingMargins,profitMargins,financialCurrency
2025-12-31,yearly,,,,,,0.2603892612412152,1.0754363326625964,387118000000,13.256211757704254,,0.014953188,0.2131758,138947000000,53906000000,34466000000,0.09180966,0.1544458,0.09180966,0.1544458,0.35892674,,,0.118436754,
2024-12-31,yearly,,,,,,0.26216138517866727,1.0840364409569985,335328000000,11.899599609551526,,0.01475858,0.19037978,135739000000,14037000000,7069000000,0.2410512,0.07057956,0.2410512,0.07057956,0.40479472,,,0.12563221,
2023-12-31,yearly,,,,,,0.25611868347518185,1.0849171306072822,313221000000,11.776186887716655,,0.013321144,0.17019342,124526000000,46263000000,77493000000,0.11457141,0.105335034,0.11457141,0.105335034,0.39756593,,,0.10815686,
2022-12-31,yearly,,,,,,0.2330104370864877,1.0826351278623474,283372000000,12.101391089583462,,0.013229092,0.1733195,115570000000,56363000000,129966000000,0.10994021,0.4481472,0.10994021,0.4481472,0.40783846,,,0.10846873,
2021-12-31,yearly,,,,,,0.25131173552157,1.086351346385052,195679000000,11.580595345217539,,0.013717339,0.17257228,126374000000,55265000000,60106000000,0.4161728,0.1261647,0.4161728,0.1261647,0.645823,,,0.1450539,
2020-12-31,yearly,,,,,,0.2744665972373421,1.0828674025031024,173757000000,12.067471282963922,,0.0074601923,0.09748585,100199000000,60244000000,59491000000,-0.303065,-0.09987722,-0.303065,-0.09987722,0.57666165,,,0.08669579,
2019-12-31,yearly,,,,,,0.23742755454242429,1.100445828539478,193037000000,9.955615026929381,,0.016985236,0.1860837,117079000000,-3499000000,35224000000,0.08856948,0.4700077,0.08856948,0.4700077,0.60651064,,,0.14408119,
2018-12-31,yearly,,,,,,0.29804161784913835,1.1072970646730338,131317000000,9.319919450241251,,0.016511494,0.1703973,60705000000,43828000000,23699000000,0.042003095,-0.110408835,0.042003095,-0.110408835,0.4622783,,,0.19524509,
2017-12-31,yearly,,,,,,0.5948088639688942,1.1150040832564727,147615000000,8.695343432023027,,0.016911864,0.16396633,69290000000,4117000000,7955000000,0.0275115,-0.15319042,0.0275115,-0.15319042,0.46939674,,,0.16440064,
2016-12-31,yearly,,,,,,0.5631039036396929,1.1106459393956305,174319000000,9.037837316599166,,0.017426312,0.17492248,79193000000,26799000000,12370000000,-0.09623154,0.34532392,-0.09623154,0.34532392,0.4542993,,,0.13528073,
2015-12-31,yearly,,,,,,0.5342829572007199,1.0981274239561718,129574000000,10.190831061117493,,0.020491768,0.22931992,54510000000,-25138000000,-24778000000,0.19415449,0.004177161,0.19415449,0.004177161,0.42068624,,,0.20186149,
2014-12-31,yearly,,,,,,0.511081390161175,1.0980112723142532,129035000000,10.202908057286542,,0.019394021,0.21726945,56058000000,91216000000,88539000000,0.31240875,0.36117175,0.31240875,0.36117175,0.43444026,,,0.16941915,
2013-12-31,yearly,,,,,,0.5339363061377047,1.089271077981773,94797000000,11.201836278981375,,0.016082983,0.19624193,48436000000,20622000000,35122000000,0.2999841,-0.06679333,0.2999841,-0.06679333,0.5109444,,,0.17428821,
2012-12-31,yearly,,,,,,0.568385166758213,1.0862480650418314,101582000000,11.594463012184532,,0.013781481,0.17357035,53515000000,12598000000,50181000000,-0.08694081,-0.019488228,-0.08694081,-0.019488228,0.5268158,,,0.12985568,
2011-12-31,yearly,,,,,,0.5363152934841141,1.101421647819063,103601000000,9.859827970691303,,0.017857667,0.19393119,48002000000,-6583000000,-5272000000,0.18184148,0.25394577,0.18184148,0.25394577,0.4633353,,,0.1410218,
2010-12-31,yearly,,,,,,0.545543174853951,1.1030143782247903,82620000000,9.707382767654764,,0.017172957,0.18387742,45780000000,-33973000000,-31649000000,,,,,0.55410314,,,0.15121037,
