endDate,type,currentPrice,totalCash,totalCashPerShare,ebitda,totalDebt,quickRatio,currentRatio,totalRevenue,debtToEquity,revenuePerShare,returnOnAssets,returnOnEquity,grossProfits,freeCashflow,operatingCashflow,earningsGrowth,revenueGrowth,earningsGrowthAnnual,revenueGrowthAnnual,grossMargins,ebitdaMargins,operatingMargins,profitMargins,financialCurrency
2025-12-31,yearly,,5319557000,7.073879,2525157000,7764150300,1.4087892,1.75766,3479142000,1.0879136,,0.100550555,0.26182005,2207161000,1902994000,3653063000,1.2165216,1.1637356,1.2165216,1.1637356,0.6343981,0.7257988,0.7073382,0.5370692,
2024-12-31,yearly,,1527674000,2.0314815,1297377000,6153111000,1.0832855,1.7530588,1607933000,1.0542442,,0.06480829,0.14761294,918342000,-49918000,330001000,0.88807887,0.009073885,0.88807887,0.009073885,0.571132,0.8068601,0.76107836,0.53580904,
2023-12-31,yearly,,644299000,0.9484351,973221000,4881725000,1.2355186,2.181615,1593474000,0.934669,,0.044941496,0.09532266,942215000,164960990,119859000,-0.26879779,-0.16225187,-0.26879779,-0.16225187,0.59129614,0.61075425,0.5778927,0.31243998,
2022-12-31,yearly,,925691000,1.3626559,952793000,4523052000,2.701396,4.207241,1902092000,0.876616,,0.061239112,0.1225066,1134655000,-973483000,-215131010,-0.38324744,-0.052479252,-0.38324744,-0.052479252,0.59653,0.50091845,0.4691056,0.33231515,
2021-12-31,yearly,,877494000,1.2787275,1170686000,3279977000,2.092989,2.419938,2007441000,0.72143537,,0.11665161,0.21582045,1393966000,87593000,391016000,0.5588783,0.7149554,0.5588783,0.7149554,0.6943995,0.5831733,0.5546918,0.48879096,
2020-12-31,yearly,,1041269000,1.5112222,841694000,2761353000,1.4959955,1.7247924,1170550000,0.7216064,,0.0877301,0.16694754,810429000,-371105980,173330000,0.99766314,0.838207,0.99766314,0.838207,0.6923489,0.7190586,0.6972543,0.5457725,
2019-12-31,yearly,,537104000,0.8375997,635731970,2530844000,1.7426013,2.1638346,636789000,0.82794225,,0.055957813,0.1068697,310403000,-259343010,97797000,0.767315,0.3110909,0.767315,0.3110909,0.48745033,0.99834013,0.9594591,0.51300824,
2018-12-31,yearly,,235596990,0.44447234,342126020,2002416000,0.8234627,0.9660628,485694020,0.8831923,,0.040589105,0.08620098,243768000,184790000,-108551000,9.048736,0.3647499,7.6860285,0.3647499,0.50189626,0.70440644,0.6765185,0.40239123,
2017-12-31,yearly,,32912000,0.06252471,203830000,2097816100,0.55460113,0.91493285,355885000,0.9767369,,-0.0061058877,-0.0126968315,147238000,142388000,-107779000,0.91066974,-0.07457296,0.89117163,-0.07457296,0.41372353,0.5727412,0.53376234,-0.076625876,
2016-12-31,yearly,,108189000,0.20581506,-136879010,2204232000,1.145942,1.9078543,384563000,0.9941579,,-0.052747156,-0.11301628,153444000,432432000,-353945000,-3.3398168,-0.39051226,-3.312053,-0.39051226,0.39900875,-0.35593387,-0.3985667,-0.65159154,
2015-12-31,yearly,,190964990,0.36374283,477428000,2789461000,0.8544622,1.1258392,630961000,1.0467299,,0.016714424,0.041179333,271921000,14249000,283149000,1.5934194,0.046647534,1.5934194,0.046647534,0.43096325,0.75666803,0.726346,0.17392518,
2014-12-31,yearly,,369528000,0.70386285,247196000,3247841000,1.2002666,1.7684132,602840000,1.4184849,,0.0074239797,0.01882336,286508000,-194408000,235662000,-0.86913306,-0.10168415,-0.86913306,-0.10168415,0.47526374,0.41005242,0.38868356,0.07149327,
2013-12-31,yearly,,610896000,1.4139698,556025000,2865920000,2.56064,3.3835669,671078000,1.2928255,,0.060347836,0.14432232,313801000,-440555000,-17796000,0.74695975,-0.25301322,0.74695975,-0.25301322,0.46760735,0.8285549,0.81110394,0.4767434,
2012-12-31,yearly,,586603000,1.3591682,285132000,1675813000,2.8874815,3.6717474,898380030,1.2906933,,0.05638183,0.14184038,436349000,-462753980,1835000,-0.16531734,-0.012156985,-0.16531734,-0.012156985,0.48570648,0.3173846,0.29325897,0.20499454,
2011-12-31,yearly,,600621000,1.3967955,279705980,1039143040,1.9846996,2.396817,909436030,0.8896597,,0.08673294,0.18901083,391697980,-202482000,81871000,0.030326745,0.19204639,0.030326745,0.19204639,0.43070427,0.30755985,0.29564697,0.24275373,
2010-12-31,yearly,,646533000,1.516349,259858990,757305000,2.3861117,2.736778,762920000,0.70220375,,0.09943849,0.1979343,301699000,143630000,168510000,,,,,0.395453,0.34061107,0.3080598,0.27980128,
