endDate,type,currentPrice,totalCash,totalCashPerShare,ebitda,totalDebt,quickRatio,currentRatio,totalRevenue,debtToEquity,revenuePerShare,returnOnAssets,returnOnEquity,grossProfits,freeCashflow,operatingCashflow,earningsGrowth,revenueGrowth,earningsGrowthAnnual,revenueGrowthAnnual,grossMargins,ebitdaMargins,operatingMargins,profitMargins,financialCurrency
2025-12-31,yearly,,10891385000,1.7450007,9470786000,42398940000,1.6385366,2.0587277,20697508000,2.944146,,0.026305577,0.11653352,7324910000,4514231000,6396244000,-1.0,0.053562224,-0.08345117,0.053562224,0.353903,0.45758098,0.21646804,0.081082754,
2024-12-31,yearly,,7530208300,1.176595,8460993000,45403337000,1.4801617,1.9291054,19645264000,5.256719,,0.034465674,0.23699173,7371523000,-1178356000,7425327000,-0.32047313,0.0899654,-0.32047313,0.0899654,0.37523156,0.43068868,0.22893248,0.10419534,
2023-12-31,yearly,,10714831000,1.6741923,7575792000,37170475000,2.2650898,2.702597,18023750000,2.706746,,0.05136473,0.20734619,6849446000,3301322000,7592726000,-0.42568338,-0.100283444,-0.42568338,-0.100283444,0.38002336,0.42032275,0.23575616,0.15797977,
2022-12-31,yearly,,6502313000,1.0159864,9859749000,31500323000,1.5571631,1.9350802,20032698000,2.7229943,,0.09855324,0.4053246,9514855000,544137000,8420814000,0.5536195,0.21547396,0.5536195,0.21547396,0.47496623,0.4921828,0.33398366,0.23406248,
2021-12-31,yearly,,8422435000,1.3160055,8203215000,31277940000,2.1341028,2.493724,16481388000,4.413906,,0.08092257,0.48049182,7542845000,1215394000,4891249000,2.2138376,0.37933484,2.2638137,0.37933484,0.45765835,0.497726,0.33412683,0.20658903,
2020-12-31,yearly,,6556727000,1.167115,5597729000,27993050000,2.6032414,2.984905,11948794000,6.3841677,,-0.067748,-0.5449533,4721884000,721817000,5791245000,-4.681234,0.16325752,-4.5356636,0.16325752,0.39517662,0.46847647,0.26904523,-0.1999775,
2019-12-31,yearly,,9730915000,1.7987564,4719788000,26371828000,3.9753933,4.4045234,10271839000,4.05641,,0.02059235,0.109919704,3420658000,585228030,2953124000,3.9166996,0.02549583,3.9166996,0.02549583,0.3330132,0.45948812,0.24595147,0.0695706,
2018-12-31,yearly,,7047204000,1.3026732,4656952000,21367663000,2.6037643,2.9290745,10016461000,3.2706122,,0.0063042324,0.028595043,4302422000,1737754000,2786976000,-0.741708,0.19622701,-0.741708,0.19622701,0.42953515,0.46492988,0.2978702,0.018651098,
2017-12-31,yearly,,8271595000,1.5290015,3492539000,22037957000,2.9008439,3.149864,8373378000,3.0463777,,0.01741987,0.073563434,2735547000,954161000,1792978000,-0.785584,0.1808795,-0.785584,0.1808795,0.32669574,0.41710037,0.18535554,0.063554876,
2016-12-31,yearly,,6464023000,1.3656826,2821258000,20907840000,2.1920502,2.4036782,7090798000,2.9446268,,0.08466838,0.34955332,2396686000,-1445304100,1202849000,2.9804914,0.2467142,2.9804914,0.2467142,0.33799946,0.39787593,0.19717753,0.3500235,
2015-12-31,yearly,,5610866000,1.1854324,2490549000,19799660000,2.521782,2.7434962,5687589000,3.6992533,,-0.047707796,-0.23414002,2242200000,-2855530000,1739996000,-2.7159326,0.16218352,-2.7159326,0.16218352,0.3942268,0.43789187,0.26229426,-0.22033888,
2014-12-31,yearly,,5743437000,1.2143114,2651700000,13351647000,2.9124005,3.1361947,4893882000,1.8916172,,0.034492068,0.103470735,2244377000,-1353917000,1555391000,1.5175372,0.06404075,1.5175372,0.06404075,0.45860872,0.5418398,0.34731835,0.14923327,
2013-12-31,yearly,,2979382800,0.62991875,1885805000,8872292000,2.4334164,2.7120612,4599337000,1.6452513,,0.019444155,0.05379472,1728709000,166964000,1032322000,-0.6142148,0.104635336,-0.6142148,0.104635336,0.37586048,0.41001672,0.24335073,0.06307366,
2012-12-31,yearly,,2757389000,3.0047283,2236895000,8030363000,2.239706,2.507705,4163670000,1.4813651,,0.053338785,0.13871536,2226510000,329625000,933894000,3.115373,0.07058584,3.115373,0.07058584,0.534747,0.53724116,0.39489633,0.18060149,
2011-12-31,yearly,,2562324000,2.792166,1344473000,6761184300,1.8510053,2.1129408,3889151000,1.3636087,,0.0143405115,0.036851525,1332286000,7683000,728920000,-0.67358196,0.061647408,-0.67358196,0.061647408,0.34256473,0.34569833,0.20485319,0.046982232,
2010-12-31,yearly,,2729327000,2.9741492,1382128000,6257949000,2.168662,2.4407802,3663317000,1.2140744,,0.047479037,0.11294049,1370839000,528621000,913535000,,,,,0.37420705,0.37728867,0.22422002,0.1589139,
