endDate,type,currentPrice,totalCash,totalCashPerShare,ebitda,totalDebt,quickRatio,currentRatio,totalRevenue,debtToEquity,revenuePerShare,returnOnAssets,returnOnEquity,grossProfits,freeCashflow,operatingCashflow,earningsGrowth,revenueGrowth,earningsGrowthAnnual,revenueGrowthAnnual,grossMargins,ebitdaMargins,operatingMargins,profitMargins,financialCurrency
2025-12-31,yearly,,1902811000,1.8898746,3088118000,2324099000,1.4224898,1.6942198,15829460000,0.22226822,,0.07426699,0.13939622,9767882000,2001987000,2801957000,0.21802036,0.09649894,0.21802036,0.09649894,0.61706984,0.19508675,0.11353261,0.09207933,
2024-12-31,yearly,,2771307000,2.6155517,2503597000,2875842000,1.358179,1.6105351,14436366000,0.26695025,,0.058762193,0.111080796,8741949000,1807806000,2487007000,0.22576898,0.05777592,0.22576898,0.05777592,0.6055505,0.17342293,0.08723407,0.082892604,
2023-12-31,yearly,,3103842000,3.222337,1987440000,4041595000,1.3903719,1.6271682,13647849000,0.40225998,,0.04764415,0.09716707,8220602000,1770448000,2663364000,-0.24420848,0.028385812,-0.24420848,0.028385812,0.6023368,0.14562295,0.065144114,0.07153208,
2022-12-31,yearly,,3503482000,3.637234,2448426000,4759973000,1.6011271,1.8633392,13271137000,0.47186774,,0.061076682,0.12804978,7984814000,345751000,1536237000,1.0402458,0.2553627,1.0402458,0.2553627,0.60166764,0.18449256,0.10604977,0.09733184,
2021-12-31,yearly,,5947502000,6.0149913,1730014000,5737238000,1.555829,1.758185,10571556000,0.5850372,,0.029568113,0.064559646,6172378000,185784990,1215600000,-0.42248482,0.4025877,-0.42248482,0.4025877,0.58386654,0.163648,0.07699377,0.05988825,
2020-12-31,yearly,,2672353000,3.3565094,1647915000,4926327000,1.3340237,1.5792857,7537180000,0.8954815,,0.07486855,0.19927396,4313610000,64550000,608379000,-0.0025693914,-0.21393028,-0.0025693914,-0.21393028,0.57231086,0.21863814,0.11368695,0.14544816,
2019-12-31,yearly,,1372302000,1.7248869,2373745000,3212742000,1.160076,1.3959007,9588437000,0.6828917,,0.09320876,0.23362023,5857916000,812575000,1562848000,0.0773985,0.13788529,0.0773985,0.13788529,0.61093545,0.24756329,0.17142043,0.11462692,
2018-12-31,yearly,,1384364000,1.7478749,1738395000,1966016000,1.114624,1.3713802,8426541000,0.4971577,,0.115647934,0.25796762,5142024000,201564990,811379000,0.39233688,0.13194463,0.39233688,0.13194463,0.61021763,0.20629996,0.16896862,0.12106225,
2017-12-31,yearly,,1142233000,1.6014816,1416289000,1899339000,1.3545735,1.6683962,7444305000,0.58922625,,0.09707369,0.22729681,4499392000,300073980,845590000,,0.15387352,0.17217763,0.15387352,0.60440725,0.19025134,0.14604963,0.09842141,
2016-12-31,yearly,,894881000,1.2583653,1286951000,1916836000,1.1321086,1.4002144,6451578000,0.7269565,,0.09653089,0.23705208,3876495000,437291000,914208000,-1.0,0.049856815,0.07984963,0.049856815,0.60086,0.19947848,0.15123276,0.09688451,
2015-12-31,yearly,,737527000,1.1523116,1198033000,1940285000,1.3361394,1.6045741,6145198000,0.8396245,,0.098715164,0.25048205,3633846000,201004000,771958000,0.22786051,0.17795861,0.22786051,0.17795861,0.591331,0.19495434,0.15186703,0.09419355,
2014-12-31,yearly,,834339970,6.5492587,1014782000,1988447000,1.4170495,1.7175853,5216820000,1.0717843,,0.088587135,0.25409806,3050905000,113866000,591107970,0.1571315,0.19369073,0.1571315,0.19369073,0.5848208,0.19452119,0.15374309,0.090365395,
2013-12-31,yearly,,801592000,6.3606143,817875000,1825281000,1.2906376,1.5529748,4370328000,1.2223521,,0.09022297,0.27282986,2502744000,-30730000,381209000,0.14632204,0.13147417,0.14632204,0.13147417,0.5726673,0.1871427,0.14883047,0.093220465,
2012-12-31,yearly,,683270000,5.501222,692199000,1409381000,1.1841321,1.4472946,3862508000,1.0794204,,0.094270125,0.27219546,2228262000,63831000,446049980,0.054893486,0.19266844,0.054893486,0.19266844,0.5768951,0.17920972,0.14478934,0.09201302,
2011-12-31,yearly,,578264000,4.708183,570270000,935090000,1.5323248,1.9102879,3238543000,0.80960315,,0.112923265,0.29169488,1842414000,-174035010,274085000,0.09375446,0.17707929,0.09375446,0.17707929,0.56890213,0.17608844,0.14594,0.10403042,
2010-12-31,yearly,,683661000,5.587791,480261000,736557950,1.6336045,1.9158847,2751338000,0.7211908,,0.1254178,0.30160147,1541879000,407545000,559646000,,,,,0.5604106,0.17455542,0.14700992,0.11195571,
