endDate,type,currentPrice,totalCash,totalCashPerShare,ebitda,totalDebt,quickRatio,currentRatio,totalRevenue,debtToEquity,revenuePerShare,returnOnAssets,returnOnEquity,grossProfits,freeCashflow,operatingCashflow,earningsGrowth,revenueGrowth,earningsGrowthAnnual,revenueGrowthAnnual,grossMargins,ebitdaMargins,operatingMargins,profitMargins,financialCurrency
2025-12-31,yearly,,551752000,5.2943935,462664030,2854180000,1.6882756,2.1763973,2356938000,1.8820106,,0.07546099,0.2770568,822760000,-289377000,-79066000,0.6717894,0.5012115,0.6717894,0.5012115,0.34908003,0.19629876,0.18949926,0.17827071,
2024-12-31,yearly,,404609000,4.7651863,258475980,1825051000,1.7765772,2.464294,1570023900,1.1881317,,0.060521644,0.16343938,526614020,-47062000,6536000,0.6138169,0.36376414,0.6138169,0.36376414,0.33541784,0.16463189,0.15792689,0.15990457,
2023-12-31,yearly,,302366980,3.5610554,179496990,1609341000,1.3267546,2.3853374,1151243000,1.2031727,,0.04526085,0.116342105,399789000,-159788000,-151448990,0.47132188,0.4399051,0.47132188,0.4399051,0.34726727,0.15591583,0.14926997,0.13517302,
2022-12-31,yearly,,254076990,2.9923315,92536000,1276116100,1.7578154,2.781251,799527000,1.0832665,,0.037264112,0.089180544,266468000,64794000,77964000,0.27681607,0.29030263,0.27681607,0.29030263,0.33328205,0.11573843,0.109516,0.13139895,
2021-12-31,yearly,,184886000,2.177451,66418000,1043631000,0.7762419,1.8505144,619643000,0.9737516,,0.031535976,0.079255395,225763010,96086000,108334000,1.8285872,0.2071728,1.7945862,0.2071728,0.36434367,0.107187524,0.100438476,0.13708377,
2020-12-31,yearly,,58111000,0.6843885,-67852000,724595000,0.70355153,2.1155634,513301000,0.7247349,,-0.050258033,-0.10441915,138967010,49751000,136564990,-0.039281227,0.25881574,-0.052993093,0.25881574,0.27073202,-0.13218755,-0.14087835,-0.20338748,
2019-12-31,yearly,,29812000,0.35110375,93149000,1775046000,0.34758425,0.96459913,407765000,19.665268,,-0.044213768,-1.0984013,161924990,175962000,136792990,0.5238564,0.13280642,0.50022435,0.13280642,0.3971037,0.22843795,0.22125489,-0.2431425,
2018-12-31,yearly,,18980000,0.04728719,-45243000,1394509000,0.34259203,0.6801277,359960000,7.4557924,,-0.108060926,-1.0606406,70672000,259696990,127266000,-160.9816,-0.4095241,-19.557438,-0.4095241,0.19633293,-0.12568897,-0.15166964,-0.551114,
2017-12-31,yearly,,58398000,0.14549406,107232000,1633958000,0.7553976,1.3610921,609610000,3.970794,,0.0048772674,0.025978506,172928990,153316000,66054000,0.9888699,0.011270437,1.0894367,0.011270437,0.2836715,0.17590262,0.14473844,0.017535802,
2016-12-31,yearly,,78730000,0.20832549,3619000,1708950000,0.781146,1.4255486,602816000,4.1118383,,-0.052165966,-0.2875869,79810000,-1972000,13242000,-4.1513944,-0.22207755,-4.356623,-0.22207755,0.1323953,0.00600349,-0.020248301,-0.19827941,
2015-12-31,yearly,,122311000,0.32364407,156569980,1726973000,1.5860835,3.0917082,774905000,2.5161257,,0.028369054,0.105970316,214362000,-182039010,-132198000,-0.4848682,-0.09002035,-0.4848682,-0.09002035,0.27663004,0.20205057,0.19104405,0.093861826,
2014-12-31,yearly,,164603010,0.43555188,162806020,1560937000,1.537851,2.8906744,851563000,2.367657,,0.039676722,0.14442532,246028000,-97597000,-118755000,-0.32044867,0.032892432,-0.32044867,0.032892432,0.28891346,0.19118492,0.1765072,0.11181322,
2013-12-31,yearly,,201170000,0.56655526,162259010,1342768000,1.4329258,2.5566843,824445000,2.1864023,,0.053018603,0.1915134,232627010,56774000,-89041000,-0.09188866,-0.078841664,-0.09188866,-0.078841664,0.28216195,0.19680998,0.18889798,0.14266203,
2012-12-31,yearly,,254734990,0.7174104,148213980,1296039900,1.1772183,1.960713,895009000,2.789955,,0.046152823,0.21693382,210408000,3333000,-151594000,0.13466097,0.28766787,0.13466097,0.28766787,0.23509037,0.16560055,0.16060284,0.11259551,
2011-12-31,yearly,,388892000,4.923089,130830000,1226746000,1.4083846,2.1315944,695062000,3.504748,,0.04859537,0.2792437,201540000,-49732000,-62850000,-0.40479797,0.14554168,-0.40479797,0.14554168,0.28995976,0.18822782,0.18456483,0.14062342,
2010-12-31,yearly,,588161000,7.4456897,206014990,1160669000,3.2405765,4.3900113,606754000,4.097048,,0.09614061,0.56192505,240858000,26954000,58347000,,,,,0.39696154,0.33953628,0.3353138,0.26236334,
