endDate,type,currentPrice,totalCash,totalCashPerShare,ebitda,totalDebt,quickRatio,currentRatio,totalRevenue,debtToEquity,revenuePerShare,returnOnAssets,returnOnEquity,grossProfits,freeCashflow,operatingCashflow,earningsGrowth,revenueGrowth,earningsGrowthAnnual,revenueGrowthAnnual,grossMargins,ebitdaMargins,operatingMargins,profitMargins,financialCurrency
2025-12-31,yearly,,2035764000,2.623593,3203470000,10448695000,0.73665065,1.1545885,38703387000,0.92646456,,0.005396907,0.018141733,11554551000,14718557000,15719373000,-0.5440266,0.01749082,-0.5440266,0.01749082,0.29854107,0.08276976,0.049574032,0.005286437,
2024-12-31,yearly,,2165091000,2.9297767,2895720000,10684214000,0.71450025,1.169969,38038070000,0.9438967,,0.012026124,0.039641894,11627256000,14544725000,15835331000,1.4582936,0.03453859,1.4582936,0.03453859,0.3056742,0.07612689,0.04107548,0.011796524,
2023-12-31,yearly,,3372418000,0.4563518,870542000,13390753000,0.73091525,1.1615933,36768150000,1.3933412,,-0.026140764,-0.10187821,10163883000,3206222000,3354622000,-0.96223056,-0.0142323645,-0.96223056,-0.0142323645,0.2764317,0.023676524,-0.010121478,-0.026629135,
2022-12-31,yearly,,2724343000,0.40367055,1935258900,12408516000,0.95382845,1.4790161,37299003000,1.165261,,-0.013212335,-0.046857826,10438896000,2020564000,3064122000,-1.8447739,0.057283416,-1.8447739,0.057283416,0.27987066,0.051885005,0.020687819,-0.013377704,
2021-12-31,yearly,,4122589000,0.61085105,1287566000,12274164000,1.0092027,1.6064434,35278150000,1.0899487,,0.015387962,0.05245084,8486805000,-5681879000,-4364476000,0.5079076,0.20910352,0.5079076,0.20910352,0.24056831,0.03649755,0.013339758,0.016742969,
2020-12-31,yearly,,2903155000,0.446713,1527099000,5572952000,0.81033516,1.2521338,29177113000,0.7607828,,0.015892634,0.053473536,7519962000,1952437000,2603882000,-0.57507366,0.46719593,-0.57507366,0.46719593,0.25773495,0.052338935,0.028261054,0.013425214,
2019-12-31,yearly,,4753904000,2.9259627,1775538000,4233516000,1.1295595,1.6046262,19886310000,0.5596234,,0.046577968,0.12185534,5553961000,-4258141000,-3329555000,0.5429917,0.27554482,0.5429917,0.27554482,0.27928564,0.089284435,0.064796485,0.046354905,
2018-12-31,yearly,,1008198000,5.2898383,1245241000,1236014000,0.6684748,1.1899923,15590444000,0.5367272,,0.067914814,0.2594278,4537422000,842051970,1236164000,0.5357203,0.3009111,0.5357203,0.3009111,0.29103866,0.079872064,0.06937269,0.038320206,
2017-12-31,yearly,,1672260000,8.7740555,1030753000,1643794000,0.79503274,1.2711729,11984250000,0.79258066,,0.052432284,0.18757297,3606011000,-149180990,19477000,3.4939873,0.26033983,3.4939873,0.26033983,0.30089584,0.08600897,0.07407172,0.032461107,
2016-12-31,yearly,,1418125000,65.581276,714557000,2644610000,0.6325791,1.0673715,9508745000,4.2546163,,0.014189574,0.13926472,2922615000,132221000,267751010,2.3194878,0.05908562,2.3194878,0.05908562,0.30736074,0.07514735,0.061095864,0.009103725,
2015-12-31,yearly,,1115088000,50.11872,464727000,2619893000,0.698287,1.1689634,8978259000,4.551143,,-0.011923887,-0.11396563,2578629000,523639000,462790020,-1.5103223,-0.08191988,-1.5103223,-0.08191988,0.28720814,0.051761374,0.037749637,-0.007307096,
2014-12-31,yearly,,863149000,4.755787,605260030,2295565000,0.67922276,1.1993588,9779385000,3.0426314,,0.02430153,0.17039314,2692476000,-21493000,131437000,0.12960653,0.20905715,0.12960653,0.20905715,0.2753216,0.061891418,0.050200295,0.013145612,
2013-12-31,yearly,,771594000,4.251336,476924030,1916929000,0.6609566,1.1560374,8088439000,2.7597158,,0.024142621,0.16384134,2262995000,-83078000,-136236990,17.872646,0.055227764,17.872646,0.055227764,0.27978143,0.058963668,0.04635827,0.014070205,
2012-12-31,yearly,,598355000,3.2084332,241800990,1758947100,0.83204776,1.1283488,7665112000,2.8554707,,-0.0011906958,-0.0109498175,2518515000,-173958000,-64077000,-1.5781759,0.19405967,-1.5781759,0.19405967,0.32856858,0.031545658,0.019342834,-0.00087996107,
2011-12-31,yearly,,248073980,1.330195,300597000,1218945000,0.72698826,1.1262946,6419371000,1.9630482,,0.0023918706,0.018787494,2144287000,-533968000,-263582000,-0.8305198,0.33513704,-0.8305198,0.33513704,0.33403382,0.04682655,0.033283636,0.001817312,
2010-12-31,yearly,,375597000,0.48405105,319920000,1303194000,0.76167387,1.0780656,4808024000,27.47268,,0.017524913,1.451092,1641763000,299928000,405408000,,,,,0.34146315,0.066538766,0.052294455,0.014316484,
