endDate,type,currentPrice,totalCash,totalCashPerShare,ebitda,totalDebt,quickRatio,currentRatio,totalRevenue,debtToEquity,revenuePerShare,returnOnAssets,returnOnEquity,grossProfits,freeCashflow,operatingCashflow,earningsGrowth,revenueGrowth,earningsGrowthAnnual,revenueGrowthAnnual,grossMargins,ebitdaMargins,operatingMargins,profitMargins,financialCurrency
2025-12-31,yearly,,7938816000,7.8602138,8800280000,41078403000,1.5141151,1.5426819,18850646000,2.5228658,,0.04933539,0.21517031,8942944000,1397330000,5747434000,1.62641,-0.13464808,1.62641,-0.13464808,0.47441047,0.46684235,0.38556764,0.18585554,
2024-12-31,yearly,,6708870000,6.6424456,7145316000,40414077000,1.6212534,1.7027656,21783792000,2.8862898,,0.022194237,0.09367283,7335706000,1187129000,7172545000,-0.26755878,0.1505893,-0.26755878,0.1505893,0.33675066,0.32801065,0.2492169,0.060210593,
2023-12-31,yearly,,7176637000,7.1055813,7796952000,37254250000,1.2471021,1.2962059,18932726000,2.8487878,,0.03393841,0.14181146,8119261000,1999940000,6817411000,-0.5875142,-0.012979252,-0.5875142,-0.012979252,0.42884797,0.41182405,0.32873258,0.097952135,
2022-12-31,yearly,,8276713000,2.7315884,11845097000,35270200000,1.1722587,1.1722587,19181690000,2.9832485,,0.08333145,0.35627753,11196089000,2461980000,6485584000,4.941495,0.566588,4.941495,0.566588,0.5836863,0.61752105,0.52717865,0.2195938,
2021-12-31,yearly,,5779405000,1.9073943,6795786000,30423070000,1.3514688,1.3514688,12244247000,3.5516906,,0.019479334,0.09404796,4642647000,-3621533000,4590146000,2.641437,0.23810828,2.641437,0.23810828,0.37916967,0.5550187,0.29752755,0.06579384,
2020-12-31,yearly,,6207283000,2.048608,4455867000,22941454000,1.0660883,1.0660883,9889480000,2.8894386,,0.002574486,0.010845792,3426043000,4028669000,4151670000,-0.86717796,-0.06622071,-0.86717796,-0.06622071,0.34643307,0.45056635,0.20575935,0.008707535,
2019-12-31,yearly,,4991977000,1.6475171,5489434000,22353127000,1.0939698,1.0939698,10590811000,2.648571,,0.042885225,0.16901703,4490165000,1679921000,4995005000,0.83746433,0.090054005,0.83746433,0.090054005,0.42396802,0.51832044,0.3349581,0.1346877,
2018-12-31,yearly,,3021583900,1.4958336,3817776100,20315730000,0.93771255,0.93771255,9715859000,2.4091508,,0.020644536,0.075441964,3864221000,1389573000,3685677000,-0.564532,-0.08002445,-0.564532,-0.08002445,0.39772305,0.39294273,0.24180363,0.06547872,
2017-12-31,yearly,,4835003000,2.393566,5052348000,19722533000,1.0866915,1.0866915,10560997000,2.3223615,,0.058242057,0.20994161,3939581000,-796375000,3339705000,0.048787788,0.056515228,0.048787788,0.056515228,0.37303117,0.4783969,0.36900198,0.16882099,
2016-12-31,yearly,,2821220000,1.3966435,5261860000,18627062000,0.59146535,0.59146535,9996067000,4.494417,,0.06668257,0.3950902,3429350000,1402223000,4186220000,0.9601026,0.17893928,0.9601026,0.17893928,0.34306994,0.52639306,0.4304137,0.16380912,
2015-12-31,yearly,,2296420000,1.3006551,3551992000,16409652000,0.4961022,0.4961022,8478865000,4.202956,,0.03628894,0.20153897,3228935000,-127480000,2349825000,-0.3517635,0.14622721,-0.3517635,0.14622721,0.38082162,0.41892305,0.32191065,0.09280381,
2014-12-31,yearly,,1588647000,0.8997839,3557644000,12475205000,0.5607064,0.5607064,7397194000,3.3990412,,0.07836493,0.36774242,3287020000,482923000,2187686000,-0.0015914243,0.22947273,-0.0015914243,0.22947273,0.44436038,0.48094508,0.38705894,0.18246013,
2013-12-31,yearly,,1265675000,0.71685785,3290131000,9530477000,0.54535323,0.54535323,6016558000,2.7342892,,0.09747616,0.39244524,3210836000,1648579000,2464567000,0.14754893,0.043147195,0.14754893,0.043147195,0.5336666,0.54684603,0.45291975,0.22735325,
2012-12-31,yearly,,882256000,0.4996955,3037698000,9719550000,0.42836976,0.42836976,5767698000,2.890717,,0.08334877,0.35462677,3242318000,1267939000,2426811000,0.3090067,0.12336686,0.3090067,0.12336686,0.56215113,0.5266743,0.43300396,0.20673291,
2011-12-31,yearly,,763335000,0.4323406,2277019000,8607550000,0.47414333,0.47414333,5134296000,2.6779633,,0.07086943,0.28335658,2852221000,1231531000,1890267000,0.33890513,0.10242941,0.33890513,0.10242941,0.5555233,0.44349197,0.44349197,0.17738926,
2010-12-31,yearly,,1178672000,2.670323,2020821000,8431107000,0.5659849,0.5659849,4657256000,2.6847324,,0.053064916,0.21574007,2202604000,-880409000,1357065000,,,,,0.4729403,0.43390808,0.36529064,0.14547364,
