endDate,type,currentPrice,totalCash,totalCashPerShare,ebitda,totalDebt,quickRatio,currentRatio,totalRevenue,debtToEquity,revenuePerShare,returnOnAssets,returnOnEquity,grossProfits,freeCashflow,operatingCashflow,earningsGrowth,revenueGrowth,earningsGrowthAnnual,revenueGrowthAnnual,grossMargins,ebitdaMargins,operatingMargins,profitMargins,financialCurrency
2025-12-31,yearly,,4121580000,27.10344,5686159000,23573142000,0.55595076,0.55595076,14672054000,7.9429574,,0.00911558,0.10727258,4762238000,1127732000,1390409000,-1.0,0.08832877,0.3752641,0.08832877,0.32457882,0.3875503,0.22192727,0.021698667,
2024-12-31,yearly,,4291363000,12.507255,4700561000,21205385000,0.7512359,0.7512359,13481270000,8.507705,,0.007571599,0.09287612,4015867000,-2741131000,-2514109000,1.3556774,0.30354384,1.3556774,0.30354384,0.2978849,0.34867346,0.19434905,0.017171452,
2023-12-31,yearly,,2998752000,8.276938,3499246000,16423790000,0.7282772,0.7282772,10342015000,6.5118546,,-0.025910197,-0.25805536,2768521000,2955114000,3227151900,,0.077289976,-2.1697412,0.077289976,0.26769647,0.33835244,0.121984646,-0.06293271,
2022-12-31,yearly,,6827536000,18.844872,3551971000,19627490000,1.6011212,1.6011212,9600029000,7.089107,,0.021197323,0.20096414,3605548000,-4678608000,-4171865000,,0.8002452,-0.32099155,0.8002452,0.3755768,0.36999586,0.25174382,0.05795878,
2021-12-31,yearly,,7786453000,21.491604,2082987000,15438282000,2.4384134,2.4384134,5332623000,4.7003846,,0.037734598,0.2494888,2386548000,-8374818000,-8269520000,-1.0,0.3053329,6.5159273,0.3053329,0.44753736,0.3906121,0.31255463,0.15366527,
2020-12-31,yearly,,1692507000,5.662054,717181000,4643273000,0.972211,0.972211,4085259000,1.9685897,,0.012822743,0.046223734,865478000,-710544000,-634250000,-0.5214231,0.06496667,-0.5214231,0.06496667,0.21185389,0.17555337,0.07448757,0.026687903,
2019-12-31,yearly,,1047105000,3.5029488,743193000,3349651000,0.8704123,0.8704123,3836044000,1.4557377,,0.031453922,0.099007,939609000,-1224562000,-1132708000,0.42603636,0.511087,0.42603636,0.511087,0.24494219,0.19373943,0.1220497,0.059388008,
2018-12-31,yearly,,812151000,3.0830913,481737980,2373958000,0.87403834,0.87403834,2538599000,1.4310935,,0.030767476,0.09630453,806636030,-1069266000,-1018773000,1.4035447,0.028612839,1.4035447,0.028612839,0.31774852,0.1897653,0.14958133,0.06292999,
2017-12-31,yearly,,783609000,3.6704445,326847000,1929481100,0.7187489,0.7187489,2467983000,1.5017288,,0.016589666,0.05173096,644870000,-1038557000,-1020472000,0.6743331,0.30361772,0.6743331,0.30361772,0.26129434,0.13243486,0.10215143,0.026931304,
2016-12-31,yearly,,123511000,0.57852864,263208990,1081905000,0.37759686,0.37759686,1893180000,1.4989713,,0.014229779,0.054999895,444265000,-236430000,-204447010,-0.4079493,0.5600963,-0.4079493,0.5600963,0.234666,0.1390301,0.101037405,0.020968424,
2015-12-31,yearly,,483916000,,253464990,1409223900,0.6960958,0.6960958,1213502000,1.7737489,,0.025605198,0.08439387,265315010,166639010,208632990,13.068401,19.136766,13.068401,19.136766,0.21863583,0.2088707,0.1252738,0.05525331,
2014-12-31,yearly,,63315000,0.41635832,18265000,248846000,0.42027467,0.42027467,60263000,0.39632478,,0.0034712234,0.0075905737,21011000,-35212000,146652990,,,,,0.34865507,0.30308813,0.17692448,0.07908667,
