endDate,type,currentPrice,totalCash,totalCashPerShare,ebitda,totalDebt,quickRatio,currentRatio,totalRevenue,debtToEquity,revenuePerShare,returnOnAssets,returnOnEquity,grossProfits,freeCashflow,operatingCashflow,earningsGrowth,revenueGrowth,earningsGrowthAnnual,revenueGrowthAnnual,grossMargins,ebitdaMargins,operatingMargins,profitMargins,financialCurrency
2025-12-31,yearly,,255863010,0.4545962,452804000,15985986000,1.3133527,2.0262866,10906236000,2.5971527,,-0.036548547,-0.16940221,3199794000,1359087000,541982000,-1.0712478,0.21058871,-1.1628511,0.21058871,0.29339123,0.0415179,0.018447794,-0.09560622,
2024-12-31,yearly,,414563000,0.7365731,606156030,16996200000,1.0773681,1.6820652,9009035000,2.2751322,,-0.016380759,-0.0645341,2375876000,-1285875000,-400705000,-15.877477,0.21253541,-25.145506,0.21253541,0.26372147,0.067283124,0.0481228,-0.053512614,
2023-12-31,yearly,,406767000,0.7227216,203270000,13246477000,1.2572207,2.0727708,7429915000,1.7511042,,-0.00073545065,-0.0024375245,1687178000,-2527549000,-823922000,0.831218,0.11807319,0.8506516,0.11807319,0.22707905,0.027358321,0.009402664,-0.0024817241,
2022-12-31,yearly,,733747970,1.5166864,538763000,12111521000,1.1295323,2.0347586,6645285000,1.8422503,,-0.005462643,-0.018779619,1317554000,-2349401000,-810664000,-1.2267413,-0.0648611,-1.1584742,-0.0648611,0.198269,0.081074476,0.0545322,-0.018579038,
2021-12-31,yearly,,947928000,1.9616383,1258119000,10627737000,1.2912823,2.3765523,7106201000,1.6167237,,0.043146823,0.13338225,1828845000,-757843970,-403118020,0.41613582,0.06918705,0.41613582,0.06918705,0.25735903,0.17704523,0.1588908,0.1233859,
2020-12-31,yearly,,1080705000,2.2380636,823466000,9099140000,1.3338137,2.3685136,6646359000,1.5078319,,0.034381106,0.102905504,1874338000,-104782000,689934000,-0.20297861,0.0975337,-0.20297861,0.0975337,0.28200975,0.12389731,0.10738737,0.09343341,
2019-12-31,yearly,,674919000,1.4003808,827839000,7443031000,1.3689426,2.780056,6055722000,1.4569072,,0.050923295,0.14639007,1842267000,62388000,-98245000,-9.122016e-05,0.11749909,-9.122016e-05,0.11749909,0.30421922,0.1367036,0.1223101,0.12349906,
2018-12-31,yearly,,794851970,1.7896441,805611000,6536579000,1.5556847,2.9763367,5418995000,1.3409506,,0.055594563,0.15552849,1798506000,1213471000,625606000,0.056482792,0.13847111,0.056482792,0.13847111,0.3318892,0.14866428,0.13691396,0.13990362,
2017-12-31,yearly,,713123000,1.6056278,715699000,6353223000,1.5168662,2.5586472,4759888000,1.0959272,,0.048083525,0.120753735,1612139000,-656134000,332400000,0.17283356,0.12022431,0.17283356,0.12022431,0.33869264,0.15036047,0.14002703,0.14706732,
2016-12-31,yearly,,1763552000,3.9707148,496405000,4902217000,1.3826449,2.4347503,4249049000,0.9015593,,0.046597175,0.10563777,1386779000,295907000,576051970,0.017409297,-0.10791201,0.017409297,-0.10791201,0.32637396,0.11682732,0.107042305,0.13518412,
2015-12-31,yearly,,1595814000,3.5930452,535364000,4410640000,1.3418646,2.235591,4763038000,0.873416,,0.052259292,0.11789484,1438637000,926707000,1028035970,-0.23969364,0.13779922,-0.23969364,0.13779922,0.3020419,0.11239969,0.10462545,0.12499459,
2014-12-31,yearly,,1217497000,2.7107313,740029060,4131248100,1.3663354,2.0732336,4186185000,0.88408315,,0.06946361,0.16079888,1184113000,700191000,603526000,0.70228845,0.081531666,0.70228845,0.081531666,0.28286207,0.17677887,0.16809483,0.17949517,
2013-12-31,yearly,,1422595000,2.9809961,504665000,4047075000,1.6148795,2.2926052,3870607900,0.92708,,0.044143476,0.10312801,1021422000,398630020,568892030,-0.19804539,-0.09266005,-0.19804539,-0.09266005,0.26389188,0.13038391,0.12112257,0.116311185,
2012-12-31,yearly,,1522862000,3.1522565,669470000,4379052000,1.3569771,1.8960886,4265885000,1.0712037,,0.051746365,0.14061664,1191454000,-194656000,-54312000,-0.30592826,0.062470254,-0.30592826,0.062470254,0.2792982,0.15693578,0.15040654,0.13475211,
2011-12-31,yearly,,930496000,1.9275156,911868030,3374471000,1.5643476,2.2649312,4015063000,0.9194521,,0.08910845,0.22241722,1247447000,-486085000,-564444030,0.19797853,0.32907254,0.19797853,0.32907254,0.31069177,0.22711176,0.22241817,0.20330715,
2010-12-31,yearly,,864936000,1.7928537,683539970,2460716000,1.7693404,2.516106,3020951000,0.8060654,,0.099420615,0.2211773,976844030,-769339000,-377011000,,,,,0.32335645,0.2262665,0.22174242,0.22350545,
