endDate,type,currentPrice,totalCash,totalCashPerShare,ebitda,totalDebt,quickRatio,currentRatio,totalRevenue,debtToEquity,revenuePerShare,returnOnAssets,returnOnEquity,grossProfits,freeCashflow,operatingCashflow,earningsGrowth,revenueGrowth,earningsGrowthAnnual,revenueGrowthAnnual,grossMargins,ebitdaMargins,operatingMargins,profitMargins,financialCurrency
2025-12-31,yearly,,771863000,1.5041263,2003351900,5990969000,1.1583923,1.2535347,2739082000,0.9510412,,0.08675325,0.18116595,2246041000,1410865000,1463917000,-0.1489349,0.076349355,-0.1489349,0.076349355,0.8199977,0.7313954,0.6811023,0.416648,
2024-12-31,yearly,,1191613000,2.3220913,1848038100,5901159000,1.3286057,1.4260275,2544789000,1.0452356,,0.1071777,0.23752052,2121411000,683689000,1489466000,0.3140211,0.25385687,0.3140211,0.25385687,0.8336294,0.7262049,0.671776,0.5269537,
2023-12-31,yearly,,1175380000,1.9564855,1506521900,3671217000,1.3145312,1.416065,2029569000,0.52945167,,0.0884598,0.14718118,1735692000,811296000,1187600000,0.32646522,0.12904058,0.32646522,0.12904058,0.85520226,0.7422866,0.6692928,0.5028427,
2022-12-31,yearly,,1024991000,1.7061547,1275254000,3460940000,1.29174,1.3738835,1797605000,0.52577555,,0.070733294,0.1168831,1458690000,274135000,1203854000,0.6977636,0.39523032,0.6977636,0.39523032,0.81146306,0.70941836,0.5944037,0.42800727,
2021-12-31,yearly,,778463000,1.2957951,812607040,3670619000,1.3879321,1.4507176,1288393000,0.5768517,,0.04245718,0.07114321,1017011970,-88898000,701737000,-0.5300651,0.1912183,-0.5300651,0.1912183,0.7893647,0.63071364,0.47463778,0.35136637,
2020-12-31,yearly,,1223414000,2.0364408,1370249000,3729410000,1.8246845,1.8410426,1081575900,0.59833086,,0.09124878,0.15465657,806796030,1540755000,508881000,1.0470872,-0.17157884,1.0470872,-0.17157884,0.7459449,1.2669004,1.0599811,0.8912717,
2019-12-31,yearly,,907969000,1.511365,925007000,3557233000,1.3929026,1.4206161,1305587000,0.63624257,,0.04899314,0.083919674,1033411970,106466000,961448000,-0.0041230326,0.062193792,-0.0041230326,0.062193792,0.79153055,0.70849895,0.53962165,0.35937476,
2018-12-31,yearly,,855769000,1.4244752,939215000,3205726000,1.7336935,1.7846997,1229142000,0.5989563,,0.053020768,0.08792163,950193000,508342020,853029000,0.28031057,0.06292314,0.28031057,0.06292314,0.7730539,0.7641224,0.5991936,0.38284674,
2017-12-31,yearly,,896031000,4.4744806,818053000,3010502000,1.8067001,1.8581169,1156379000,0.57890785,,0.042632908,0.070868045,883058000,-148975010,714819970,0.1842015,0.041829813,0.1842015,0.041829813,0.76364064,0.70742637,0.54971683,0.3186983,
2016-12-31,yearly,,467368000,2.3338802,810798000,3161839900,1.1864637,1.2523221,1109950000,0.7095118,,0.039198454,0.06996786,848886000,-394971000,650914000,-0.13872468,0.042177215,-0.13872468,0.042177215,0.7647966,0.73048156,0.5894337,0.28091535,
2015-12-31,yearly,,372312000,4.6382966,781405000,2463625000,1.3214206,1.4556656,1065030000,0.58834225,,0.051603314,0.08644001,823773000,387102020,656113000,-0.015967472,-0.043489896,-0.015967472,-0.043489896,0.773474,0.73369294,0.5892435,0.33985803,
2014-12-31,yearly,,325937020,4.060553,787123000,2314402000,1.4536444,1.7715498,1113454000,0.5686975,,0.05523564,0.09043693,816176000,225172990,562871000,0.29346994,0.14428799,0.29346994,0.14428799,0.7330128,0.7069201,0.5653211,0.3305453,
2013-12-31,yearly,,331599000,4.1310906,609365000,2305125000,1.304276,1.6350075,973054000,0.6035405,,0.044486504,0.07451789,704241000,-538566000,417079000,-0.2667174,0.011624196,-0.2667174,0.011624196,0.72374296,0.62623966,0.49947998,0.29249045,
2012-12-31,yearly,,395001000,2.2042809,615736000,2044097000,1.2472135,1.5494988,961873000,0.6377161,,0.06849524,0.12147291,720386000,-597361000,507237000,0.30142936,0.42235875,0.30142936,0.42235875,0.7489409,0.64014274,0.56246614,0.40479562,
2011-12-31,yearly,,558343000,3.1158016,455280000,1175708900,2.1951609,2.581897,676252030,0.3655402,,0.06567234,0.09604615,527375000,-441887000,29443000,0.36538094,0.118927866,0.36538094,0.118927866,0.77984977,0.6732401,0.5839524,0.45681044,
2010-12-31,yearly,,794839000,4.4355545,350195000,672200000,2.0127223,2.0127223,604375000,0.22667716,,0.05745078,0.07722198,462761000,-59709000,457747000,,,,,0.7656852,0.5794333,0.5056166,0.37890053,
