endDate,type,currentPrice,totalCash,totalCashPerShare,ebitda,totalDebt,quickRatio,currentRatio,totalRevenue,debtToEquity,revenuePerShare,returnOnAssets,returnOnEquity,grossProfits,freeCashflow,operatingCashflow,earningsGrowth,revenueGrowth,earningsGrowthAnnual,revenueGrowthAnnual,grossMargins,ebitdaMargins,operatingMargins,profitMargins,financialCurrency
2025-12-31,yearly,,50608000000,3.9265304,230015990000,674687000000,0.47816685,0.70589006,497549000000,1.6156801,,0.09040869,0.26486695,236998000000,114219000000,200333000000,2.0084958,0.013691123,2.0084958,0.013691123,0.47633097,0.46229818,0.29269078,0.22229971,
2024-12-31,yearly,,46651000000,3.6195178,204234000000,631258000000,0.48079133,0.69407827,490829000000,1.7176434,,0.032902826,0.10070092,246462000000,131674000000,204037000000,-0.70622605,-0.041338377,-0.70622605,-0.041338377,0.50213414,0.4161001,0.27952912,0.07540101,
2023-12-31,yearly,,75263000000,5.769713,265362000000,560401000000,0.73138815,0.95821947,511994000000,1.4657137,,0.11910499,0.32736832,269933000000,176201000000,215696000000,-0.3383565,-0.20157628,-0.3383565,-0.20157628,0.52721906,0.51829123,0.36981294,0.2444677,
2022-12-31,yearly,,56193000000,4.3077936,369376000000,496243000000,0.7161014,0.99585295,641256000000,1.3618646,,0.1935121,0.5186959,334100000000,251033000000,255410000000,0.76555294,0.41661438,0.76555294,0.41661438,0.5210088,0.5760196,0.4588729,0.29474187,
2021-12-31,yearly,,62040000000,4.7560287,280600000000,499088000000,0.94698805,1.2470777,452668000000,1.2810892,,0.11024605,0.2753317,219637000000,214199000000,203126000000,14.006754,0.6637985,14.006754,0.6637985,0.4852055,0.6198804,0.46575195,0.23695953,
2020-12-31,yearly,,64280000000,4.9277487,112970000000,591346000000,0.8278339,1.0442889,272069000000,1.9005175,,0.006325582,0.020073919,123962000000,124651000000,148106000000,-0.82290655,-0.09983953,-0.82290655,-0.09983953,0.45562705,0.41522554,0.18238388,0.02295741,
2019-12-31,yearly,,33294000000,2.5523407,144919000000,551866000000,0.68096465,0.96516484,302245000000,1.8448604,,0.044243533,0.13696066,122105000000,93814000000,101766000000,0.556965,-0.13603804,0.556965,-0.13603804,0.40399346,0.47947526,0.27031383,0.13555229,
2018-12-31,yearly,,58052000000,4.450306,108522000000,494158000000,1.1206989,1.4794371,349836000000,1.7427974,,0.031027121,0.09415856,124543000000,77094000000,95846000000,58.80045,0.23314123,67.37931,0.23314123,0.35600397,0.3102082,0.18544689,0.07631576,
2017-12-31,yearly,,80731000000,6.1888933,80251000000,502615000000,1.5487733,1.8890047,283695000000,1.8642367,,0.0004533893,0.0013983212,91595000000,51249000000,86467000000,0.96991366,0.0039138114,1.0288999,0.0039138114,0.32286435,0.28287774,0.13314651,0.001328892,
2016-12-31,yearly,,71664000000,5.493811,65025000000,502890000000,1.4573041,1.7976148,282589000000,1.9897287,,-0.016206076,-0.051613696,89978000000,49645000000,89709000000,0.57446325,-0.121406674,0.6290978,-0.121406674,0.3184059,0.23010449,0.05832499,-0.04616245,
2015-12-31,yearly,,100892000000,7.7344494,25386000000,588015000000,1.2594917,1.5199244,321638000000,2.2797465,,-0.039073028,-0.13635871,98576000000,44189000000,86407000000,-0.613749,-0.046320345,-0.60422367,-0.046320345,0.3064812,0.07892724,-0.041002616,-0.10934964,
2014-12-31,yearly,,69002000000,5.28974,8761000000,431559000000,1.2650286,1.6334943,337260000000,1.388891,,-0.027633842,-0.07055825,80437000000,-22967000000,62241000000,-1.9158534,0.10616973,-1.930151,0.10616973,0.23850146,0.025976991,-0.0649825,-0.06500623,
2013-12-31,yearly,,46272390000,3.5472727,62823686000,339891300000,1.0909103,1.4947116,304889920000,0.97297025,,0.03055499,0.06585934,71163990000,-20464304000,56209347000,0.112731345,0.083554246,0.112731345,0.083554246,0.2334088,0.20605366,0.1126848,0.075459644,
2012-12-31,yearly,,48943727000,3.7520595,53242130000,277981860000,1.2692492,1.6963634,281379470000,0.80473304,,0.030926453,0.060675506,70907355000,-20794552000,54145733000,-0.36414078,0.15236267,-0.36414078,0.15236267,0.25199902,0.18921825,0.111863285,0.07448788,
2011-12-31,yearly,,52555706000,4.0289564,61968216000,217680360000,1.3592374,1.7762724,244176140000,0.6552225,,0.055260975,0.09966063,77236880000,-1516135900,56322100000,-0.053319205,0.14489585,-0.053319205,0.14489585,0.31631625,0.2537849,0.18113449,0.13559724,
2010-12-31,yearly,,56340558000,4.319105,60455660000,168580330000,1.5284592,1.8771139,213273670000,0.5434161,,0.06904522,0.115727745,77221840000,-52131647000,53435437000,,,,,0.36207864,0.2834652,0.21369064,0.1683351,
