endDate,type,currentPrice,totalCash,totalCashPerShare,ebitda,totalDebt,quickRatio,currentRatio,totalRevenue,debtToEquity,revenuePerShare,returnOnAssets,returnOnEquity,grossProfits,freeCashflow,operatingCashflow,earningsGrowth,revenueGrowth,earningsGrowthAnnual,revenueGrowthAnnual,grossMargins,ebitdaMargins,operatingMargins,profitMargins,financialCurrency
2025-12-31,yearly,,2221956000,1.9554799,1506091000,3873646000,1.3278155,1.8906913,9057548000,0.99438256,,0.12707528,0.31716052,2314293000,1117577000,1438765000,0.019441359,0.05395855,0.019441359,0.05395855,0.25550988,0.16628021,0.14900501,0.13640645,
2024-12-31,yearly,,2098567900,1.8468896,1625164000,3449157000,1.2441545,1.8379805,8593837000,0.84489787,,0.12946504,0.29943076,2131360000,924826000,1244148000,0.47032502,0.2858831,0.47032502,0.2858831,0.2480103,0.18910807,0.16960666,0.1422388,
2023-12-31,yearly,,1536184100,1.3519515,946943000,2705234200,1.3370575,2.015289,6683218000,0.7540283,,0.1018696,0.22599687,1538641000,827725000,1061126000,0.81726474,0.23406377,0.81726474,0.23406377,0.23022456,0.14168967,0.1197887,0.12132045,
2022-12-31,yearly,,1172071000,1.2378074,385587000,2651357000,1.2265061,1.8112115,5415618000,0.8273151,,0.05906441,0.13629732,829509000,-48671000,45367000,0.2250022,0.5475675,0.2250022,0.5475675,0.15316978,0.07119908,0.049076397,0.08065598,
2021-12-31,yearly,,1323658000,1.3978963,333494980,2559831000,1.1744945,1.6619548,3499439000,0.86591035,,0.053853888,0.12122598,356224000,155492000,188252990,2.529871,-0.025134122,2.529871,-0.025134122,0.1017946,0.09529956,0.06516044,0.10240842,
2020-12-31,yearly,,1043571970,1.1021014,268500000,2262427100,1.4098991,1.8454503,3589662000,0.8674964,,0.015476604,0.034780346,595589000,44541000,175712000,-0.48426166,-0.16800702,-0.48426166,-0.16800702,0.16591784,0.07479813,0.048044078,0.025268953,
2019-12-31,yearly,,1174785000,1.2406737,338024000,1946951000,1.5092032,1.8746414,4314534000,0.8255347,,0.04082444,0.08990329,650279000,487991000,626538000,0.078493066,0.02788967,0.078493066,0.02788967,0.15071824,0.078345425,0.058310118,0.049142964,
2018-12-31,yearly,,954848000,1.0084013,362089980,2018689000,1.2984751,1.67411,4197468000,0.9456852,,0.03709363,0.089452,664316030,112457000,225231010,1.5873631,0.4594848,1.5873631,0.4594848,0.15826589,0.08626391,0.0717778,0.045491,
2017-12-31,yearly,,1146577000,1.2392801,119685000,2018256000,1.4213458,1.7433213,2875993000,1.0464811,,0.01735157,0.0425757,403646020,247930000,294934020,-0.67103946,0.11728403,-0.67103946,0.11728403,0.14035013,0.04161519,0.025818214,0.028550835,
2016-12-31,yearly,,1440108000,1.5565436,353633980,2363582000,1.5554214,1.839498,2574093000,1.2649508,,0.044793468,0.11910301,325758020,527079000,170987010,1.5231802,-0.060252298,1.5231802,-0.060252298,0.12655255,0.13738199,0.11807771,0.08645608,
2015-12-31,yearly,,1317831000,1.4693174,212505980,2550566100,1.6023029,1.8772565,2739132000,1.3696645,,0.017679187,0.04783794,475967000,363664000,491248000,-0.6086058,-0.1944189,-0.6086058,-0.1944189,0.17376563,0.07758151,0.06062833,0.032522347,
2014-12-31,yearly,,885489000,0.98727715,306437000,2159501000,2.1370118,2.591036,3400194000,1.292332,,0.050482534,0.13409248,592335000,-35371000,71953000,-0.23053317,-0.07080982,-0.23053317,-0.07080982,0.17420624,0.090123385,0.078013785,0.06589918,
2013-12-31,yearly,,769397000,0.85784024,435113980,1896243000,1.9686842,2.3927255,3659309000,1.23615,,0.07093938,0.1904294,730535000,-120051000,179968000,-0.037729688,-0.041346464,-0.037729688,-0.041346464,0.19963741,0.11890606,0.107914634,0.079828456,
2012-12-31,yearly,,529635000,1.1810346,439823000,1460511000,1.2208536,1.4944423,3817134000,1.1128178,,0.0860907,0.23037706,775993000,-144340000,132892000,-0.12564696,0.13305862,-0.12564696,0.13305862,0.20329206,0.115223356,0.10249994,0.079210475,
2011-12-31,yearly,,906712000,2.0218797,464065980,1505593000,1.4580822,1.7368529,3368876000,1.2851927,,0.10174791,0.29366228,741696000,307124000,381785980,0.15716712,0.13640653,0.15716712,0.13640653,0.22016126,0.13775098,0.12718841,0.10211804,
2010-12-31,yearly,,726215000,1.6193888,398271000,1385675000,1.7697874,2.0980642,2964499000,1.4383323,,0.097621426,0.306993,631343000,177102000,258584990,,,,,0.21296786,0.13434681,0.12271618,0.09976525,
