endDate,type,currentPrice,totalCash,totalCashPerShare,ebitda,totalDebt,quickRatio,currentRatio,totalRevenue,debtToEquity,revenuePerShare,returnOnAssets,returnOnEquity,grossProfits,freeCashflow,operatingCashflow,earningsGrowth,revenueGrowth,earningsGrowthAnnual,revenueGrowthAnnual,grossMargins,ebitdaMargins,operatingMargins,profitMargins,financialCurrency
2025-12-31,yearly,,3398291000,3.8949106,7664205000,34910552000,1.2281865,1.8191495,15583960000,1.3541782,,0.03508091,0.08733473,3114907000,-9023460000,8176080000,-0.7814439,0.085184634,-0.7814439,0.085184634,0.19987904,0.49180087,0.116101556,0.14447412,
2024-12-31,yearly,,3993359000,4.4551525,9439757000,26712422000,1.8294512,2.1560776,14360653000,1.0304052,,0.18479487,0.39737424,7274777000,-5144800300,9669485000,0.9887635,0.20626657,0.9887635,0.20626657,0.506577,0.6573348,0.4836452,0.7173494,
2023-12-31,yearly,,2335403000,2.617989,9210447000,12445405000,1.3404955,1.5286267,11905041000,0.89675415,,0.18296485,0.37323827,7658904000,-5504469000,7740287000,0.5114666,0.8708396,0.5114666,0.8708396,0.64333284,0.7736594,0.60107833,0.4351018,
2022-12-31,yearly,,9612961000,10.834812,4770469000,9521083000,7.640217,7.640217,6363475000,0.9625017,,0.16880032,0.34644824,4257172000,4751196000,4927159000,1.570858,0.4475593,1.570858,0.4475593,0.66900116,0.7496641,0.6154205,0.53855354,
2021-12-31,yearly,,4650866000,5.269229,2992530000,4621628000,5.422445,5.622755,4396003000,0.69810486,,0.10907459,0.20135888,2512645000,-2559584000,2183736000,1.9442271,1.3086008,1.9442271,1.3086008,0.5715749,0.68073887,0.4825845,0.30324048,
2020-12-31,yearly,,832066000,0.9473264,1763335000,3264732000,0.7661261,0.85669166,1904185000,1.0360075,,0.06667513,0.14372428,617259000,1032403970,1617546000,-0.46249402,0.15801966,-0.46249402,0.15801966,0.32415915,0.92603135,0.49509317,0.23785137,
2019-12-31,yearly,,685696960,4.7392187,1387214100,3102222000,0.83101577,0.90615964,1644346000,1.4328301,,0.15343975,0.3890562,703967000,-938637000,444671000,3.1115117,0.9369858,3.1115117,0.9369858,0.42811367,0.8436266,0.53410655,0.5122681,
2018-12-31,yearly,,797891970,5.6839695,247082000,382224000,2.643701,2.8021598,848920000,0.37971938,,0.13328992,0.20353252,320111000,-67888000,270116000,5.689359,0.5899701,5.689359,0.5899701,0.3770803,0.29105452,0.20060784,0.24133606,
2017-12-31,yearly,,604307970,45.31051,131664000,271061000,3.7282617,3.918133,533921980,0.31501028,,0.024467072,0.035592802,98858000,51710000,51536000,-0.87324417,0.34194747,-0.87324417,0.34194747,0.1851544,0.24659783,0.079054624,0.057362314,
2016-12-31,yearly,,571299970,43.31066,328653000,169284990,9.399498,9.816379,397871000,0.20294261,,0.2232344,0.28966182,-10597000,-277101000,114000000,1.1881888,0.5721714,1.1881888,0.5721714,-0.026634261,0.82602906,0.65117586,0.6072873,
2015-12-31,yearly,,497041000,7.5362062,150050000,178172990,10.237793,10.53372,253071010,0.19491524,,0.09381268,0.120796844,-41386000,-37538000,-20171000,1.1100827,-0.48017514,1.1100827,-0.48017514,-0.16353513,0.5929166,0.33276826,0.43632418,
2014-12-31,yearly,,448945980,15.091382,-891537000,271084000,4.737686,4.789872,486839000,0.43601352,,-0.94528043,-1.6133502,18761000,311025980,88168000,0.5517733,109.7711,0.5517733,109.7711,0.038536355,-1.8312769,-2.193487,-2.0603793,
2013-12-31,yearly,,427540030,1.4372699,-2579895000,197256990,3.0082126,3.0082126,4395000,0.13560928,,-1.2396256,-1.53848,2128000,-58940000,-282875000,-7.062478,-0.3485028,-7.062478,-0.3485028,0.4841866,-587.00684,-592.7709,-509.18542,
2012-12-31,yearly,,908258000,3.0535023,-368577000,435059000,5.9932566,5.9932566,6746000,0.11888882,,-0.06521041,-0.07585062,3623000,-27353000,-234358000,0.08705899,-0.32112306,0.08705899,-0.32112306,0.537059,-54.636375,-59.914616,-41.145275,
2011-12-31,yearly,,1491179000,253.4641,-489443000,922862000,4.791834,4.791834,9937000,0.23835976,,-0.056406282,-0.07852714,508000,-125212000,-503417980,-1.1355271,-0.36272687,-1.1355271,-0.36272687,0.05112207,-49.254604,-51.01107,-30.596256,
2010-12-31,yearly,,2426574000,514.68365,-189588000,350000,69.5026,69.5026,15593000,0.00013155634,,-0.05281468,-0.053513363,1175000,-2330888000,-2199821000,,,,,0.07535432,-12.158533,-12.279998,-9.130379,
