endDate,type,currentPrice,totalCash,totalCashPerShare,ebitda,totalDebt,quickRatio,currentRatio,totalRevenue,debtToEquity,revenuePerShare,returnOnAssets,returnOnEquity,grossProfits,freeCashflow,operatingCashflow,earningsGrowth,revenueGrowth,earningsGrowthAnnual,revenueGrowthAnnual,grossMargins,ebitdaMargins,operatingMargins,profitMargins,financialCurrency
2025-12-31,yearly,,12434662000,19.231256,3496364000,13408276000,1.2533268,1.2533268,40883143000,0.8448168,,0.06129202,0.21574128,40883143000,873961000,1368371000,0.2782919,0.16002047,0.2782919,0.16002047,1.0,0.08552092,0.07518121,0.08375281,
2024-12-31,yearly,,9606049000,14.856567,3512551000,10893312000,1.1492372,1.1492372,35243467000,0.7700958,,0.05615889,0.19022314,35243467000,2647928000,2415087000,0.16710994,0.0879266,0.16710994,0.0879266,1.0,0.09966531,0.08794498,0.076348394,
2023-12-31,yearly,,12011399000,18.576645,3188608000,8382236000,1.1325579,1.1325579,32395078000,0.67069703,,0.052325454,0.1852212,32395078000,141956000,69766000,0.99687624,0.16849591,0.99687624,0.16849591,1.0,0.09842878,0.08663943,0.07145706,
2022-12-31,yearly,,10208850000,15.78885,991747970,9766637000,1.0852389,1.0852389,27723741000,0.9178258,,0.022821726,0.10828718,27723741000,1324399000,2850592000,-0.26511398,0.3061443,-0.26511398,0.3061443,1.0,0.035772517,0.025519535,0.041563295,
2021-12-31,yearly,,8877875000,13.730385,1417372900,7305026000,1.0942365,1.0942365,21225634000,0.7800575,,0.037095636,0.16490206,21225634000,1542300000,2471524000,-0.08526405,0.13993983,-0.08526405,0.13993983,1.0,0.06677648,0.0587516,0.07275462,
2020-12-31,yearly,,10480329000,32.41743,1912042000,6956465000,1.2080318,1.2080318,18619960000,0.7757739,,0.045962617,0.18826716,18619960000,990195000,1438758000,0.22414024,0.029825628,0.22414024,0.029825628,1.0,0.10268776,0.09044896,0.09066701,
2019-12-31,yearly,,10198025000,31.544216,1225313000,6440811000,1.2657161,1.2657161,18080692000,0.77883667,,0.04216002,0.16676481,18080692000,917419000,1233451000,0.05223711,0.014517709,0.05223711,0.014517709,1.0,0.06776914,0.05464138,0.07627524,
2018-12-31,yearly,,10811871000,33.442947,1493052200,6118362000,1.3067756,1.3067756,17821958000,0.8004429,,0.04284476,0.17130099,17821958000,863611000,1031725000,0.19053437,0.054921888,0.19053437,0.054921888,1.0,0.08377598,0.06958563,0.07346987,
2017-12-31,yearly,,11201223000,34.647278,628341000,5642792000,1.4070913,1.4070913,16894102000,0.7313011,,0.038287535,0.14233074,16894102000,826891000,1314404000,0.20234622,0.04707508,0.20234622,0.04707508,1.0,0.037192922,0.023791973,0.06500719,
2016-12-31,yearly,,9830990000,30.408915,326985020,4050473000,1.3376334,1.3376334,16134566000,0.578573,,0.035941023,0.13017742,16134566000,77688000,520461000,-0.08578786,0.043823253,-0.08578786,0.043823253,1.0,0.020266118,0.007406831,0.056484073,
2015-12-31,yearly,,9391410000,29.049221,538540030,3112813000,1.3174748,1.3174748,15457182000,0.48180038,,0.043077644,0.15452312,15457182000,584981000,1041699970,0.14350747,,0.14350747,,1.0,0.034840763,0.022161607,0.06458758,
2014-12-31,yearly,,6721432000,20.790525,586810000,584682000,0.9938007,0.9938007,0,0.09745596,,0.03907993,0.14604478,0,510289000,899903000,-0.376726,,-0.376726,,,,,,
2013-12-31,yearly,,8166527000,25.26045,1399386000,538163000,1.1271907,1.1271907,0,0.09131455,,0.068464376,0.23709325,0,1022001000,1386158000,1.0586702,,1.0586702,,,,,,
2012-12-31,yearly,,9008495000,27.8648,131783000,2123673000,1.2800617,1.2800617,0,0.41892105,,0.036285996,0.1341381,0,-539786000,-182176000,0.17669167,,0.17669167,,,,,,
2011-12-31,yearly,,8245176000,25.16522,76092990,1907450000,1.2343177,1.2343177,0,0.40555438,,0.0345444,0.12335278,0,332960000,703746000,-0.06902207,,-0.06902207,,,,,,
2010-12-31,yearly,,7351600000,22.437923,352326020,1724409000,1.2435459,1.2435459,0,0.38814464,,0.04212566,0.14031184,0,128270000,491793980,,,,,,,,,
