endDate,type,currentPrice,totalCash,totalCashPerShare,ebitda,totalDebt,quickRatio,currentRatio,totalRevenue,debtToEquity,revenuePerShare,returnOnAssets,returnOnEquity,grossProfits,freeCashflow,operatingCashflow,earningsGrowth,revenueGrowth,earningsGrowthAnnual,revenueGrowthAnnual,grossMargins,ebitdaMargins,operatingMargins,profitMargins,financialCurrency
2025-12-31,yearly,,528739000,0.3017284,4756611000,8148744000,0.5226758,1.4620948,44250448000,1.1107934,,0.051657468,0.17724219,12964888000,1024915000,2430654000,0.0808399,0.13837701,0.0808399,0.13837701,0.29298887,0.107492946,0.062000886,0.029383725,
2024-12-31,yearly,,543707970,0.31647596,4153537000,7159020000,0.467243,1.381595,38871523000,1.1104615,,0.054655585,0.18790045,11556781000,1358352000,2771263000,0.13734105,0.1441621,0.13734105,0.1441621,0.29730713,0.106852956,0.060509745,0.031163508,
2023-12-31,yearly,,412321000,0.23999958,3741836000,6591215000,0.5401632,1.4309894,33973790000,1.0933785,,0.054101754,0.18033987,10207364000,478204000,1785327000,0.059090745,0.16879436,0.059090745,0.16879436,0.3004482,0.1101389,0.06123806,0.03199946,
2022-12-31,yearly,,433541000,0.2523511,3312527900,5601553000,0.54200107,1.5041331,29067380000,1.03676,,0.05906022,0.18785472,8809468000,452673000,1682255000,0.3247333,0.20476547,0.3247333,0.20476547,0.30307057,0.113960326,0.063277945,0.034917768,
2021-12-31,yearly,,356118020,0.21557695,2658844000,4774342000,0.4411533,1.309137,24127003000,1.0117699,,0.051716197,0.16193369,7206168000,664595000,1550545000,0.5521588,0.20233196,0.5521588,0.20233196,0.29867646,0.110202,0.05663662,0.03167128,
2020-12-31,yearly,,880357000,0.5329263,2064811000,5132368000,0.5821507,1.4622052,20066840000,1.1596944,,0.03583525,0.11196914,5891132000,804141000,1477238000,-0.37267688,0.14239423,-0.37267688,0.14239423,0.29357547,0.10289667,0.04564665,0.024694122,
2019-12-31,yearly,,299225980,0.9056861,2130872100,4322012000,0.46700135,1.4113196,17565600000,1.0602472,,0.0643957,0.19348723,5198361000,746371000,749111000,0.5369581,0.186749,0.5369581,0.186749,0.29593986,0.12130938,0.06367383,0.044902254,
2018-12-31,yearly,,241568000,0.73116904,1135644000,1176732000,0.4951355,1.5548003,14801445000,0.33290228,,0.06927539,0.14408672,4445522000,-20102000,682866000,-0.017051313,0.12026031,-0.017051313,0.12026031,0.30034378,0.076725215,0.048745915,0.03440968,
2017-12-31,yearly,,264872990,0.80170774,1130497900,916346000,0.5656516,1.5752013,13212505000,0.28192034,,0.07930589,0.15772133,3988000000,-10340000,628840000,0.14179166,0.17375994,0.14179166,0.17375994,0.30183527,0.08556273,0.059987415,0.03880059,
2016-12-31,yearly,,276632000,0.83729947,979971970,671245000,0.5851258,1.5690063,11256565000,0.22862919,,0.07973632,0.15369853,3504143000,66472000,555529000,0.3159232,0.26508835,0.3159232,0.26508835,0.3112977,0.087057814,0.06267791,0.040087894,
2015-12-31,yearly,,266051010,0.8052733,728561000,501829000,0.62797934,1.6290026,8897849000,0.18888488,,0.072306976,0.12789267,2714560000,114220000,501695000,2.3688767,0.4275573,2.3688767,0.4275573,0.30508047,0.08188058,0.056290347,0.038187318,
2014-12-31,yearly,,281189000,0.8510924,496694020,415012030,0.7087816,1.7598768,7391569000,0.1689144,,0.054672807,0.0901065,2110192000,88956000,359926020,1.1922662,0.18589203,1.1922662,0.18589203,0.28548634,0.067197375,0.041821435,0.029951151,
2013-12-31,yearly,,241884990,0.7321285,308569980,351049980,0.7558353,1.8662428,6232919000,0.15086058,,0.027942004,0.043397393,1720176000,68933000,305743000,-0.036908112,0.15837838,-0.036908112,0.15837838,0.2759824,0.0495065,0.024039138,0.01620188,
2012-12-31,yearly,,166963010,0.50535744,284951000,272963000,0.8345742,1.9621347,5380728000,0.12053162,,0.031391963,0.046300568,1492649000,-152624990,105334000,0.52636254,0.97140163,0.52636254,0.97140163,0.2774065,0.052957702,0.029851723,0.01948714,
2011-12-31,yearly,,339971000,1.0290116,135228990,226227010,1.0247563,2.054764,2729392100,0.10277561,,0.021682236,0.0312088,717921000,171816990,28619000,,,,,0.2630333,0.049545463,0.029148249,0.025168974,
2010-12-31,yearly,,196164990,1.0416577,143520990,56369000,1.2879708,2.3168387,2005216000,0.094165385,,0.09651572,0.14870109,478398020,-48260000,52446000,,,,,0.2385768,0.07157384,0.055968534,0.044391725,
