endDate,type,currentPrice,totalCash,totalCashPerShare,ebitda,totalDebt,quickRatio,currentRatio,totalRevenue,debtToEquity,revenuePerShare,returnOnAssets,returnOnEquity,grossProfits,freeCashflow,operatingCashflow,earningsGrowth,revenueGrowth,earningsGrowthAnnual,revenueGrowthAnnual,grossMargins,ebitdaMargins,operatingMargins,profitMargins,financialCurrency
2025-12-31,yearly,,7018132000,3.7758572,6792995000,34399556000,1.5297786,1.5724039,13847776000,2.4486392,,0.016085446,0.061581578,6285627000,1590151000,7141811000,1.8830436,-0.00635839,1.8923509,-0.00635839,0.45390877,0.49054772,0.33071476,0.06247393,
2024-12-31,yearly,,7461618000,4.02272,7881711000,30230178000,1.5879883,1.6303617,13936389000,2.0240953,,-0.018762311,-0.06355756,6402853000,2940899000,7664727000,-2.3329058,0.27415898,-2.3190036,0.27415898,0.45943415,0.565549,0.17429817,-0.06811248,
2023-12-31,yearly,,7233993000,3.900002,5650308000,29246749000,1.8322514,1.8716131,10937716000,1.8427728,,0.014661655,0.04548639,4099284000,1545273000,5450996000,0.39757255,0.11138618,0.39757255,0.11138618,0.3747843,0.5165894,0.3176599,0.06600253,
2022-12-31,yearly,,7385421000,3.9831653,5003117000,26207900000,1.674583,1.714266,9841508000,1.7006577,,0.011186103,0.03335535,3146360000,3944680000,4830993000,2.4206645,0.32284877,2.4206645,0.32284877,0.31970304,0.50836897,0.3085068,0.052229904,
2021-12-31,yearly,,9448193000,5.0956764,3350417000,29937674000,2.736398,2.7879457,7439632000,1.993378,,0.0032328474,0.0103699,2087591900,-15239000,3340015000,-0.49341607,0.067967586,-0.49341607,0.067967586,0.28060418,0.45034716,0.20427543,0.020933963,
2020-12-31,yearly,,7778606000,4.195221,3664008000,28260108000,2.286877,2.3382175,6966159000,1.8475095,,0.0066365893,0.019918181,2244652000,437004000,2906270000,-0.61815876,-0.017167613,-0.61815876,-0.017167613,0.32222232,0.5259725,0.27970666,0.04373644,
2019-12-31,yearly,,1963014000,1.2591366,3829428000,22246170000,1.5478915,1.6296998,7087840300,2.5824738,,0.023935646,0.09122879,2479059000,2726542000,3524802000,1.9438866,0.07637194,1.9438866,0.07637194,0.34976226,0.54028136,0.2981509,0.11087595,
2018-12-31,yearly,,141527010,0.09077971,3242049000,17291076000,1.5406846,1.6471756,6584936000,2.0846126,,0.010059919,0.03290891,2119302000,1293521000,2704713000,2.0136116,0.10739144,2.022903,0.10739144,0.32184094,0.49234328,0.26587093,0.04145325,
2017-12-31,yearly,,178004000,0.11417715,2757026000,16292163000,1.17436,1.2547394,5946349000,2.0315986,,-0.009852946,-0.032226678,1725361000,-1791604000,2311247900,0.7547031,0.37911522,0.75447,0.37911522,0.2901547,0.46365023,0.23801816,-0.04346163,
2016-12-31,yearly,,1177120000,0.87909335,1579047000,15430410000,0.59415585,0.67801976,4311713000,2.7188776,,-0.04570178,-0.18546587,540405000,-531357000,1212750000,0.096386924,0.039263517,0.11613782,0.039263517,0.12533417,0.36622265,0.0667345,-0.24411923,
2015-12-31,yearly,,544099970,0.79780626,1037679000,10993164000,0.32940927,0.3994521,4148815900,4.8885164,,-0.07877774,-0.5295679,688469000,-135776990,1339462000,0.42240444,0.13163184,0.40983734,0.13163184,0.16594349,0.2501145,-0.0043969173,-0.28704044,
2014-12-31,yearly,,1518099000,2.2076163,986147000,11175230000,0.28176332,0.29327953,3666224100,5.1971045,,-0.12841153,-0.9384271,685546000,-994691970,377953980,-157.3543,0.006809997,-155.87613,0.006809997,0.18698967,0.26898164,-0.19893219,-0.55039763,
2013-12-31,yearly,,2917636000,4.2428203,1739514000,12606393000,1.4681871,1.5271499,3641426000,2.7415483,,0.0014817509,0.0060844556,1484905000,-48526000,876566000,-0.9450983,0.020413734,-0.9450983,0.020413734,0.40778118,0.4777013,0.33307913,0.007683254,
2012-12-31,yearly,,2508360000,3.647652,1687538000,12021148000,1.4160801,1.480915,3568578000,2.8110294,,0.013786611,0.056909025,1390347000,-232859010,661132030,-0.03114977,0.124593824,-0.03114977,0.124593824,0.38960811,0.47288808,0.33591223,0.0681972,
2011-12-31,yearly,,2099738000,3.0534346,1602198900,8814727000,1.4618602,1.5259053,3173215000,2.156476,,0.017768355,0.0614748,1341615000,-210430000,697883000,-0.0037256826,0.15241666,-0.0037256826,0.15241666,0.4227936,0.50491345,0.3620933,0.07918846,
2010-12-31,yearly,,1974560000,2.865326,1369831000,7634875000,1.5251108,1.5867865,2753531000,1.994494,,0.019159917,0.06266471,1216359900,-411172000,457219000,,,,,0.4417455,0.49748158,0.37110966,0.087116875,
