endDate,type,currentPrice,totalCash,totalCashPerShare,ebitda,totalDebt,quickRatio,currentRatio,totalRevenue,debtToEquity,revenuePerShare,returnOnAssets,returnOnEquity,grossProfits,freeCashflow,operatingCashflow,earningsGrowth,revenueGrowth,earningsGrowthAnnual,revenueGrowthAnnual,grossMargins,ebitdaMargins,operatingMargins,profitMargins,financialCurrency
2025-12-31,yearly,,4078006000,11.660619,1355186000,11132120000,1.5295808,2.155251,13143266000,2.3446374,,-0.0031341396,-0.012593128,3297410000,-304493000,2581808100,-1.6138124,0.10301709,-1.1463668,0.10301709,0.2508821,0.10310877,0.06515861,-0.0045491736,
2024-12-31,yearly,,2266131000,6.881023,1622549000,7794685000,1.3604319,1.9124538,11915741000,1.729198,,0.044805825,0.15344806,3184152000,-772880000,376135000,0.07025128,0.094407864,0.07025128,0.094407864,0.26722232,0.13616854,0.107423365,0.05804893,
2023-12-31,yearly,,2864859000,8.6990385,1570220200,6071315000,1.3791587,1.8147447,10887843000,1.5585898,,0.051753636,0.17032672,2793355000,1574889000,2181891000,-0.1908611,-0.023723468,-0.1908611,-0.023723468,0.25655726,0.14421774,0.11798187,0.060938515,
2022-12-31,yearly,,3128871000,9.500701,1504964000,6107579000,1.4419676,2.007178,11152417000,1.598313,,0.051729858,0.17439298,2624762000,468409000,1129815000,-0.32406327,0.2312967,-0.32406327,0.2312967,0.23535365,0.1349451,0.112285614,0.059754044,
2021-12-31,yearly,,2227050000,6.440734,1326465000,4682389000,1.1437342,1.6600044,9057457000,1.4298506,,0.08253065,0.27016222,2268353000,324705000,909061000,0.04995226,0.68886775,0.04995226,0.68886775,0.2504404,0.14645004,0.12150375,0.09767764,
2020-12-31,yearly,,2442908000,7.065006,1194398000,4230087000,1.3934478,1.7453905,5363035000,1.5877727,,0.09279126,0.31278405,1350530000,352662020,808482000,1.6842827,0.05315212,1.6842827,0.05315212,0.25182196,0.22270934,0.18915409,0.15537994,
2019-12-31,yearly,,1986144000,5.7440224,685852030,3216228000,1.9396205,2.4926085,5092365000,1.4780718,,0.047493454,0.13812006,1258863000,276843000,488006020,0.6320762,0.19466116,0.6320762,0.19466116,0.24720596,0.13468242,0.1042655,0.05901855,
2018-12-31,yearly,,1727931000,4.997258,559733000,3059449000,1.6676848,2.2016835,4262602000,1.4960916,,0.038865615,0.11095713,1012514000,-20381000,376054020,2.2479665,0.4514652,2.2479665,0.4514652,0.23753425,0.13131252,0.10263449,0.053231105,
2017-12-31,yearly,,1652297000,4.778521,308227000,2313406000,1.5760845,1.9583867,2936758000,1.2124394,,0.021070754,0.054891385,697004030,338269000,455897980,1.6950673,0.11920155,5.1098013,0.11920155,0.23733792,0.10495485,0.06501932,0.035663817,
2016-12-31,yearly,,1814626000,5.2479844,142716990,2515813000,2.0784621,2.450767,2623976000,1.330918,,-0.0023347002,-0.0060128532,520907000,460813000,445657000,-1.7288046,-0.15339282,-14.134487,-0.15339282,0.1985182,0.0543896,0.008150227,-0.0043315943,
2015-12-31,yearly,,1732177000,5.684267,161878000,3165207000,1.7463034,2.1162407,3099402000,1.9936202,,-0.00014487257,-0.0004730208,640927000,26170000,157627010,-1.1219474,-0.1797818,-1.0037186,-0.1797818,0.20679054,0.052228786,0.012011995,-0.0002423048,
2014-12-31,yearly,,1514782000,4.9708695,490463000,2611051000,2.342518,2.875632,3778753000,1.4977256,,0.050535224,0.14127159,943007000,566776000,696111000,-0.14083944,-0.11157731,-0.14083944,-0.11157731,0.24955508,0.12979494,0.09776029,0.06517626,
2013-12-31,yearly,,1413829000,4.6395845,563893000,2655083000,2.17597,2.6255233,4253327900,1.6161858,,0.06251705,0.18673272,1039640000,266754000,426352000,4.522814,0.21456991,4.522814,0.21456991,0.24442978,0.1325769,0.10495829,0.072123766,
2012-12-31,yearly,,1099438000,4.5098586,280179000,1926769000,1.5609287,1.9493886,3501921000,1.0372039,,0.023384657,0.054397557,732178000,29529000,271945000,-0.8418645,-0.15746213,-0.8418645,-0.15746213,0.20907895,0.08000723,0.047950543,0.028856162,
2011-12-31,yearly,,1104150000,4.529187,547242000,1565140000,1.8348575,2.3905544,4156396000,0.8408592,,0.09469279,0.20433307,1018893000,-236510000,11763000,0.07878382,0.117619604,0.07878382,0.117619604,0.24513857,0.13166262,0.110619634,0.09150644,
2010-12-31,yearly,,1273506000,5.2238803,532332000,1529176100,2.06229,2.4625306,3718972000,0.9452533,,0.09467605,0.21719533,906604030,37409000,223582000,,,,,0.24377812,0.14313956,0.12106249,0.09447934,
