endDate,type,currentPrice,totalCash,totalCashPerShare,ebitda,totalDebt,quickRatio,currentRatio,totalRevenue,debtToEquity,revenuePerShare,returnOnAssets,returnOnEquity,grossProfits,freeCashflow,operatingCashflow,earningsGrowth,revenueGrowth,earningsGrowthAnnual,revenueGrowthAnnual,grossMargins,ebitdaMargins,operatingMargins,profitMargins,financialCurrency
2025-12-31,yearly,,10592805000,5.2964025,13753405000,48047677000,1.1986153,1.1986153,41781590000,1.8813443,,0.02185982,0.073239714,11129975000,1709634000,2146418000,0.034100726,0.121004716,0.034100726,0.121004716,0.26638466,0.3291738,0.18696406,0.044767804,
2024-12-31,yearly,,11425562000,5.712781,11914717000,48483025000,1.1732084,1.1732084,37271556000,1.840472,,0.020784447,0.068835355,8752862000,198220000,650353000,0.004464528,0.28957134,0.004464528,0.28957134,0.23484026,0.31967318,0.15575333,0.048651308,
2023-12-31,yearly,,10322149000,5.1610746,10522836000,44358783000,0.9645643,0.9645643,28902283000,1.746559,,0.022274923,0.0709939,8272078000,-9723659000,-9913135000,-0.02100519,0.62522405,-0.02100519,0.62522405,0.28620845,0.3640832,0.20408568,0.06238573,
2022-12-31,yearly,,5559400000,2.7797,6592978000,37202730000,1.0293263,1.0402342,17783568000,1.8085383,,0.028042972,0.0895067,6648109000,-4574278000,-9096644000,-0.09755504,0.63132006,-0.09755504,0.63132006,0.37383437,0.37073427,0.2546972,0.10353417,
2021-12-31,yearly,,5009532000,6.6048145,3697568000,14595224000,1.3928909,1.3928909,10901336000,1.9161155,,0.080739275,0.26830155,4698766000,-3518359000,-3371341000,0.9497386,0.05760023,0.9497386,0.05760023,0.4310266,0.33918485,0.29574963,0.18747033,
2020-12-31,yearly,,3966604000,5.229767,2468070000,11707124000,1.2963499,1.2963499,10307615000,1.9342117,,0.051277976,0.17317678,2898968000,367377980,483316000,0.25690395,0.010982933,0.25690395,0.010982933,0.28124526,0.23944142,0.1747964,0.10168987,
2019-12-31,yearly,,2830940000,3.7324512,2212756000,10567521000,1.2759118,1.2759118,10195637000,1.9398731,,0.0430021,0.15308547,2509693000,-3089869000,-2896179000,0.26506048,0.29127282,0.26506048,0.29127282,0.24615362,0.21702969,0.14610437,0.081793614,
2018-12-31,yearly,,2442786000,3.3817246,1590142000,8175079000,1.1061232,1.1061232,7895804000,2.6418076,,0.047111813,0.21302556,2069894000,-110267000,-67423000,0.30361733,0.3033081,0.30361733,0.3033081,0.26215115,0.20139076,0.15889946,0.0834884,
2017-12-31,yearly,,2613894000,3.9180052,1240199900,6888627000,1.5357375,1.5357375,6058279000,2.6487334,,0.045205206,0.19443655,1647424000,-2951225000,-2443028000,0.23542015,0.3647007,0.23542015,0.3647007,0.27192938,0.2047116,0.15996853,0.083468586,
2016-12-31,yearly,,1692261000,7.6096663,1015662000,4033152000,1.2177674,1.2177674,4439273000,1.8357626,,0.055184163,0.18630718,1290039000,-353377980,-226788000,0.017116148,0.13013382,0.017116148,0.13013382,0.2905969,0.22879016,0.17372033,0.09220316,
2015-12-31,yearly,,1385103000,5.369584,934869000,3247772000,1.4789758,1.4789758,3928095000,1.6727495,,0.06572357,0.20726812,1239269000,-63781000,-3401000,-0.01987876,0.009218142,-0.01987876,0.009218142,0.31548855,0.2379955,0.18724293,0.10244839,
2014-12-31,yearly,,1390189000,6.563892,969818000,2944461000,1.4035226,1.4035226,3892216000,1.7785889,,0.072065346,0.2480145,1181668000,59067000,253387010,0.06828518,0.110084176,0.06828518,0.110084176,0.30359775,0.24916859,0.1866898,0.105489776,
2013-12-31,yearly,,1010739970,4.7722917,916526000,2535727900,1.5291126,1.5291126,3506235000,1.8906298,,0.0839509,0.2865655,1062071000,267567010,321620000,0.595212,0.10718552,0.595212,0.10718552,0.30290926,0.2613989,0.18597355,0.10961729,
2012-12-31,yearly,,823866000,3.889951,875683970,2197046000,1.7003384,1.7003384,3166799900,1.658457,,0.05955054,0.1818724,833809000,200740990,281513000,-0.17386378,0.085215494,-0.17386378,0.085215494,0.26329702,0.27652016,0.1470974,0.07608185,
2011-12-31,yearly,,711002000,3.5249074,821294000,2226138000,1.4457896,1.4457896,2918130000,1.9865891,,0.07273676,0.26025915,902970000,-8737000,54256000,0.1397073,0.16856359,0.1397073,0.16856359,0.30943447,0.28144532,0.20413998,0.099941395,
2010-12-31,yearly,,415681000,2.0608058,673301000,1855937000,0.9012611,0.9012611,2497194000,2.0650387,,0.0762784,0.28472242,743795000,-175819010,-124617000,,,,,0.2978523,0.269623,0.19633277,0.10247181,
