endDate,type,currentPrice,totalCash,totalCashPerShare,ebitda,totalDebt,quickRatio,currentRatio,totalRevenue,debtToEquity,revenuePerShare,returnOnAssets,returnOnEquity,grossProfits,freeCashflow,operatingCashflow,earningsGrowth,revenueGrowth,earningsGrowthAnnual,revenueGrowthAnnual,grossMargins,ebitdaMargins,operatingMargins,profitMargins,financialCurrency
2025-12-31,yearly,,,,,,0.01769405105014174,1.110674037505568,162494640000,9.035542775329684,,0.010208521,0.10244805,57634316000,10179062000,3970136000,-0.033446245,0.1845059,-0.033446245,0.1845059,0.3546844,,,0.07978801,
2024-12-31,yearly,,,,,,0.03314142615309438,1.1070870127260006,137183480000,9.338200539393709,,0.010828056,0.11194262,56678560000,-29925670000,-27802358000,0.41215163,0.069384016,0.41215163,0.069384016,0.41315877,,,0.09777973,
2023-12-31,yearly,,,,,,0.023104148700767276,1.114764945459189,128282710000,8.713462076759361,,0.00851413,0.08270167,46884033000,24703500000,7363762000,-0.33757603,0.11332242,-0.33757603,0.11332242,0.36547428,,,0.07404593,
2022-12-31,yearly,,,,,,0.02515338249471616,1.1265248025819614,115225120000,7.903588700343639,,0.014551183,0.12955774,47503176000,-2260696000,44517413000,-0.078399815,0.4774855,-0.078399815,0.4774855,0.41226405,,,0.12444747,
2021-12-31,yearly,,,,,,0.020184824941623214,1.1284175373026986,77987310000,7.787098405748552,,0.016708745,0.14682138,51318465000,4880451000,6807143000,0.15954015,0.24233189,0.15954015,0.24233189,0.6580361,,,0.19951096,
2020-12-31,yearly,,,,,,0.024272309014632166,1.1278019318919794,62774940000,7.824607853699887,,0.01436737,0.1267864,44442710000,41154860000,42317955000,-0.1821427,-0.13819294,-0.1821427,-0.13819294,0.70796895,,,0.21426947,
2019-12-31,yearly,,,,,,0.1648982951460828,1.1461729805639531,72841060000,6.841209614402593,,0.021819253,0.17108934,44321110000,22566390000,24871800000,0.30395088,0.033523325,0.30395088,0.033523325,0.6084633,,,0.2283252,
2018-12-31,yearly,,,,,,0.22964562866653357,1.144867741058663,70478390000,6.902848023253554,,0.017682742,0.13974403,41921343000,5917294000,8277372000,0.4099492,-0.013161323,0.4099492,-0.013161323,0.5948113,,,0.18161479,
2017-12-31,yearly,,,,,,0.4311035642769605,1.155899031784659,71418350000,6.414408021348619,,0.014152092,0.10492938,34946490000,48838046000,50291050000,0.2167138,-0.07424525,0.2167138,-0.07424525,0.48932087,,,0.12795098,
2016-12-31,yearly,,,,,,0.46399886313329414,1.1543223042585011,77146080000,6.4799447157355,,0.0117670195,0.08801666,30586493000,5480323000,6748607000,-0.25033137,0.10413424,-0.25033137,0.10413424,0.39647502,,,0.09676341,
2015-12-31,yearly,,,,,,0.3996236998753442,1.1519053932685264,69870200000,6.5830447391178435,,0.016243666,0.12317645,31337112000,3265457000,4026292000,0.73777974,0.18576978,0.73777974,0.18576978,0.4485047,,,0.14074421,
2014-12-31,yearly,,,,,,0.4259528910144027,1.1781988809768442,58923917000,5.611707517568216,,0.010971621,0.07254115,27228512000,-7250431000,-4093876000,-0.016331108,0.15047468,-0.016331108,0.15047468,0.4620961,,,0.09686688,
2013-12-31,yearly,,,,,,0.3487325974818348,1.219859643605475,51217048000,4.548356322247301,,0.008353688,0.04634924,28479222000,19408294000,21724416000,0.050440658,-0.027413907,0.050440658,-0.027413907,0.55604964,,,0.07389455,
2012-12-31,yearly,,,,,,0.39040672971196533,1.24024030595769,52660683000,4.162498861353079,,0.01296479,0.06693071,31691870000,1846475000,4581806000,-0.2967588,0.017871533,-0.2967588,0.017871533,0.6018127,,,0.10366896,
2011-12-31,yearly,,,,,,0.43843799972661524,1.242445237726578,51736080000,4.124642782745719,,0.019395156,0.09939324,27901764000,-10899470000,-11110073000,0.049556676,0.2646562,0.049556676,0.2646562,0.53930956,,,0.14991188,
2010-12-31,yearly,,,,,,0.48711467344548515,1.2434900697250186,40909206000,4.106943667679479,,0.019704588,0.10063022,24095078000,-12693639000,-10326319000,,,,,0.58898914,,,0.1804624,
