endDate,type,currentPrice,totalCash,totalCashPerShare,ebitda,totalDebt,quickRatio,currentRatio,totalRevenue,debtToEquity,revenuePerShare,returnOnAssets,returnOnEquity,grossProfits,freeCashflow,operatingCashflow,earningsGrowth,revenueGrowth,earningsGrowthAnnual,revenueGrowthAnnual,grossMargins,ebitdaMargins,operatingMargins,profitMargins,financialCurrency
2025-12-31,yearly,,5608131000,3.7110314,2963757000,9090724000,1.1827152,1.198816,7205727000,0.7362233,,0.078575306,0.16841634,4054944000,4444966000,7060383700,0.34569648,0.052204523,0.34569648,0.052204523,0.5627391,0.41130576,0.32439557,0.28859934,
2024-12-31,yearly,,1800757000,1.191603,2936562000,8413503000,1.7417613,1.7813106,6848219000,0.7769628,,0.07535338,0.14270836,3957833000,866113000,2775021000,0.027926723,0.08827369,0.027926723,0.08827369,0.5779361,0.42880666,0.34704104,0.22565678,
2023-12-31,yearly,,1285158000,0.8504191,2827398000,7760729000,1.3742635,1.4094421,6292736000,0.79644597,,0.07994951,0.15428285,3777843000,467550020,2382264000,0.30552617,0.109116584,0.30552617,0.109116584,0.60034984,0.4493114,0.37301582,0.2389045,
2022-12-31,yearly,,1207932000,0.7993168,2221965000,6816302000,1.4683363,1.5155505,5673647000,0.77573574,,0.06913156,0.13105187,3290292000,241932000,1991254000,-0.022157196,0.090161,-0.022157196,0.090161,0.5799254,0.39162904,0.31523728,0.20296258,
2021-12-31,yearly,,983127000,0.6505581,2273214000,5824756000,1.4414606,1.4827441,5204412000,0.7442501,,0.08043604,0.15047017,3153675000,380424000,1701536000,0.1819534,0.08433044,0.1819534,0.08433044,0.6059618,0.43678594,0.36099142,0.22627552,
2020-12-31,yearly,,874323000,0.57855994,1932397000,5320341000,1.1750073,1.2121794,4799655000,0.7662705,,0.075532846,0.14349987,2878494000,625520000,1595544100,-0.07748923,0.01626759,-0.07748923,0.01626759,0.59972936,0.40261164,0.32721728,0.20758638,
2019-12-31,yearly,,274059000,0.18135124,1971727000,4831519700,0.870847,0.90658075,4722826000,0.78257,,0.09045811,0.17493506,2863893000,430947000,1460551000,0.21013975,0.13469326,0.21013975,0.13469326,0.60639393,0.4174888,0.34603965,0.22868384,
2018-12-31,yearly,,326624000,0.6484042,1642028000,4184072000,0.75462604,0.78341544,4162205000,0.7318409,,0.08278085,0.15610594,2482163000,381976000,1362006000,0.30067527,0.07567166,0.30067527,0.07567166,0.5963577,0.39450917,0.32930645,0.21442649,
2017-12-31,yearly,,533888000,1.0598584,1383522000,4275922000,0.9567729,0.98613054,3869401000,0.82984847,,0.06778567,0.13316867,2313266000,564883970,1353848100,0.09464037,0.11268819,0.09464037,0.11268819,0.59783566,0.35755455,0.29364753,0.17733288,
2016-12-31,yearly,,638330000,1.2671937,1170977000,4057291000,1.3134439,1.3514066,3477525000,0.84374446,,0.06630412,0.13035758,2032417000,387884000,1096717000,0.42970824,0.17041685,0.42970824,0.17041685,0.5844435,0.33672714,0.2742945,0.18025665,
2015-12-31,yearly,,163796990,0.34366354,893982000,3553527000,0.9477007,0.995795,2971185000,0.8500636,,0.05317905,0.10488321,1626023000,75518000,872250000,0.039987147,0.13532278,0.039987147,0.13532278,0.54726416,0.300884,0.2355249,0.14756536,
2014-12-31,yearly,,69061000,0.14489734,835779000,3230507000,0.68466574,0.7306656,2617039900,0.84989077,,0.055826344,0.11091201,1501916000,-184636990,774929000,0.046368316,0.10415285,0.046368316,0.10415285,0.5738988,0.31936044,0.2524845,0.16109268,
2013-12-31,yearly,,146782000,0.3079643,802818000,2749393000,1.0499833,1.1047965,2370179000,0.77081996,,0.059706934,0.112958185,1428964000,9810000,796811000,0.19999047,0.11622143,0.19999047,0.11622143,0.6028929,0.33871618,0.27109388,0.16998886,
2012-12-31,yearly,,219175010,0.5293032,720611970,3268383000,1.0181818,1.0630424,2123395000,1.3456615,,0.054401908,0.13823776,1304519900,250580000,726914000,0.18109162,0.21866454,0.18109162,0.21866454,0.61435574,0.33936787,0.26936862,0.15812226,
2011-12-31,yearly,,140292000,0.3388023,642872000,2857544000,0.7967651,0.8513323,1742395000,1.2368184,,0.051091395,0.12304195,1015847000,248460000,602640000,1.0978074,0.177076,1.0978074,0.177076,0.58301765,0.36895883,0.2838966,0.16315244,
2010-12-31,yearly,,96441000,0.23290305,456208000,2853671000,0.78864026,0.8565472,1480274000,1.3091561,,0.025534978,0.062167317,813162000,69939000,467171000,,,,,0.5493321,0.3081916,0.21096027,0.091544546,
