endDate,type,currentPrice,totalCash,totalCashPerShare,ebitda,totalDebt,quickRatio,currentRatio,totalRevenue,debtToEquity,revenuePerShare,returnOnAssets,returnOnEquity,grossProfits,freeCashflow,operatingCashflow,earningsGrowth,revenueGrowth,earningsGrowthAnnual,revenueGrowthAnnual,grossMargins,ebitdaMargins,operatingMargins,profitMargins,financialCurrency
2025-12-31,yearly,,12370971000,10.420776,14808383000,50341550000,1.1197091,1.1210419,38092050000,1.1872691,,0.081207626,0.19957158,14100362000,-7342507000,8361115000,,0.053853877,-0.11665501,0.053853877,0.37016547,0.38875258,0.33076772,0.22214764,
2024-12-31,yearly,,5382300000,4.533819,18187102000,35198980000,0.88521755,0.8861211,36145476000,0.9531773,,0.11831671,0.25941154,19542403000,-2571074000,7404568000,,0.4134756,1.7187395,0.4134756,0.5406597,0.503164,0.42911208,0.265028,
2023-12-31,yearly,,3265236000,,9136566000,25822145000,0.91550744,0.92573696,25572055000,0.86484975,,0.057320256,0.11801208,9520190000,-51160000,4854352000,-1.0,1.3778148,0.8429473,1.3778148,0.37228882,0.35728714,0.24816073,0.13778834,
2022-12-31,yearly,,3545358000,,7096013000,25462850000,1.0755669,1.09423,22055720000,0.9315608,,0.054560196,0.11419186,7704817000,1089251000,3967599000,0.35361853,0.13158123,0.35361853,0.13158123,0.34933418,0.32173118,0.2106104,0.14151734,
2021-12-31,yearly,,3151314000,,6350901000,24971315000,1.2545815,1.2768685,19491062000,1.0015826,,0.04337154,0.09248685,6691019000,1250546000,3913753000,1.3690808,0.09515471,1.3690808,0.09515471,0.3432865,0.32583657,0.21022862,0.11830392,
2020-12-31,yearly,,3807547000,,6529485300,24759250000,1.0738729,1.0916435,17797542000,1.0862321,,0.019304728,0.04270118,6617874000,-1790460000,4978207700,-0.7109687,-0.010348953,-0.7109687,-0.010348953,0.37184203,0.36687568,0.25241536,0.05468834,
2019-12-31,yearly,,2253210000,,7491717000,21228438000,0.7477711,0.7586884,17983654000,0.98117256,,0.07248551,0.15564571,7846017000,929961000,4197245000,0.1878082,0.11803226,0.1878082,0.11803226,0.43628603,0.41658482,0.31760082,0.18725432,
2018-12-31,yearly,,3029191000,4.4318175,6569196000,20718410000,1.0255647,1.0377151,16085094000,1.0596737,,0.06507656,0.14500374,6998638000,1653633000,3842920000,0.12533511,0.10109785,0.12533511,0.10109785,0.43510085,0.4084027,0.32182932,0.17625436,
2017-12-31,yearly,,2283047000,3.3401814,5263565000,19008311000,0.9405966,0.95854986,14608233000,1.0853823,,0.063705094,0.14385362,5829270000,1330438000,3301882000,-0.14515567,0.036176585,-0.14515567,0.036176585,0.39904004,0.36031497,0.2711942,0.17245823,
2016-12-31,yearly,,1886221000,2.7596104,4576233000,18269882000,0.87521815,0.8886991,14098208000,1.1848779,,0.08020397,0.19113158,5085087700,872872000,3003592000,4.4954567,0.20378473,4.4954567,0.20378473,0.36069036,0.3245968,0.24326545,0.20904061,
2015-12-31,yearly,,1639214000,2.39823,4118023000,17775954000,0.9053425,0.922471,11711569000,1.2959441,,0.0159102,0.039097063,3450806000,181920000,2641400000,-0.4061029,0.04444336,-0.4061029,0.04444336,0.29464933,0.3516201,0.25991318,0.045790534,
2014-12-31,yearly,,1722991000,2.520799,2915180000,14777587000,0.9047232,0.92382556,11213216000,1.1107291,,0.02974699,0.06787099,3577617000,-277489000,2480252000,-0.5305665,-0.00904515,-0.5305665,-0.00904515,0.31905362,0.25997716,0.17039795,0.08052846,
2013-12-31,yearly,,1782001000,2.6071327,4009918000,13012052000,1.0751266,1.0947745,11315567000,1.0062835,,0.06803208,0.14875792,4499304000,495683000,2777182000,0.0060981223,0.05382342,0.0060981223,0.05382342,0.39762074,0.35437182,0.27739176,0.16999228,
2012-12-31,yearly,,1921178000,2.8107538,3585407000,12530237000,0.8647498,0.87873054,10754435000,1.0695364,,0.07167172,0.16319299,4289037000,337441980,2336220000,0.5627516,0.08175696,0.5627516,0.08175696,0.39881566,0.3333887,0.2645662,0.17777781,
2011-12-31,yearly,,2149989000,9.436539,3124186000,12330430000,0.9275712,0.93881196,9941637000,1.1692159,,0.048519522,0.11600901,3910660000,708780030,2717058000,-0.24964197,0.0769806,-0.24964197,0.0769806,0.39336178,0.31425267,0.23682086,0.123060115,
2010-12-31,yearly,,1989179000,8.730725,3225783000,11404813000,1.013665,1.0239601,9231027000,1.1779641,,0.06982468,0.1684033,4036479000,-8320000,2083049000,,,,,0.43727303,0.34945005,0.28947625,0.17662683,
