endDate,type,currentPrice,totalCash,totalCashPerShare,ebitda,totalDebt,quickRatio,currentRatio,totalRevenue,debtToEquity,revenuePerShare,returnOnAssets,returnOnEquity,grossProfits,freeCashflow,operatingCashflow,earningsGrowth,revenueGrowth,earningsGrowthAnnual,revenueGrowthAnnual,grossMargins,ebitdaMargins,operatingMargins,profitMargins,financialCurrency
2025-12-31,yearly,,2647586000,5.226744,2193133000,11811778000,1.1202313,1.8012922,9759214000,2.088571,,0.026484305,0.09994156,2928929000,-1915000,1808281000,0.09062056,0.25059974,0.09062056,0.25059974,0.30011934,0.22472435,0.18572623,0.057915833,
2024-12-31,yearly,,1979575000,4.388039,1799351000,9009425000,0.75009215,1.3652673,7803627000,2.1949892,,0.027410584,0.1173634,2307726000,637018000,1480131000,-0.43120816,-0.14453837,-0.43120816,-0.14453837,0.2957248,0.23057881,0.1939033,0.061730653,
2023-12-31,yearly,,1613703000,3.5770266,2154869000,7987687000,0.91849524,1.8234394,9122124000,1.523825,,0.059154972,0.1789401,2620694000,996405000,1852819000,-0.29338938,-0.04875914,-0.29338938,-0.04875914,0.2872899,0.23622449,0.2121415,0.10282474,
2022-12-31,yearly,,1235775000,5.817531,2683107000,6663804000,0.8036933,1.5322784,9589710000,1.360951,,0.08990436,0.27300143,3131299000,1505964000,1991777000,0.19333391,0.51631093,0.19333391,0.51631093,0.32652697,0.27979022,0.26124805,0.13939244,
2021-12-31,yearly,,139780000,0.65802795,2059237000,5928022000,0.6010055,1.3333592,6324369000,1.5698894,,0.08788504,0.29945347,2247644000,-41105000,435089980,1.1734654,0.6329039,1.1734654,0.6329039,0.35539418,0.32560354,0.3025388,0.17879397,
2020-12-31,yearly,,1604053000,8.416028,900616000,3479083000,1.2409831,1.7976917,3873081000,1.1041,,0.059483863,0.16215125,1070299000,615015000,784861000,0.5687064,0.27376497,0.5687064,0.27376497,0.27634305,0.23253219,0.20163018,0.13192289,
2019-12-31,yearly,,884769000,4.6421413,664522000,2629662000,0.9882044,1.5124629,3040655900,0.8811297,,0.045276683,0.10556185,783184000,371861000,532161000,-0.18291411,0.07692239,-0.18291411,0.07692239,0.25757074,0.21854562,0.1837472,0.103609554,
2018-12-31,yearly,,642736000,3.3722603,768988030,1809305000,0.90652424,1.3660133,2823468000,0.6473935,,0.070627816,0.1454515,845958000,215728000,407509000,0.069902085,0.27188915,0.069902085,0.27188915,0.29961663,0.27235585,0.23296067,0.14397223,
2017-12-31,yearly,,749328000,7.863039,684959000,1790602000,1.0111794,1.3538055,2219901000,0.6627375,,0.0697552,0.13667123,677296000,240430000,371612000,10.89985,0.33757257,10.89985,0.33757257,0.3051019,0.30855384,0.2673331,0.16634166,
2016-12-31,yearly,,1064506000,10.76373,214556990,2141755000,1.0040073,1.2686024,1659649000,0.8147006,,0.0028681315,0.0059496686,246468000,208728990,305651000,-0.7556069,-0.05786393,-0.7556069,-0.05786393,0.1485061,0.12927854,0.06646887,0.009424282,
2015-12-31,yearly,,701459970,7.0927973,392301000,2101132000,0.82876474,1.2453578,1761581000,0.8783031,,0.022820974,0.050651204,433121000,132484000,274832000,0.8045892,0.1750336,0.8045892,0.1750336,0.24587062,0.22269824,0.16206917,0.06878537,
2014-12-31,yearly,,371961980,3.7610855,290717000,1543078900,0.737997,1.2011157,1499175000,0.64482814,,0.015592067,0.029311644,333085000,-106360000,75631000,-0.28956923,0.26885283,-0.28956923,0.26885283,0.22217886,0.19391799,0.12726866,0.046787735,
2013-12-31,yearly,,392977000,3.9735785,265996020,1620738000,0.7852387,1.2157807,1181520000,0.75841314,,0.022671023,0.045204706,261286000,-306916000,-63138000,1.5081486,0.05611387,1.5081486,0.05611387,0.22114395,0.22513035,0.12736052,0.08176163,
2012-12-31,yearly,,157246000,1.5899895,243186990,1357173000,0.8335576,1.3431206,1118743000,0.6807564,,0.010342793,0.019276444,253787010,-130470000,28664000,-0.53329575,0.112468675,-0.53329575,0.112468675,0.22685014,0.2173752,0.1297179,0.034351055,
2011-12-31,yearly,,130463000,1.3191738,325875000,1231360000,0.70533836,1.2073197,1005640000,0.6412545,,0.044634983,0.08331893,365788000,-92614000,323161000,1.7296647,0.13156891,1.7296647,0.13156891,0.36373654,0.3240474,0.2554393,0.1590947,
2010-12-31,yearly,,110219000,1.114477,204340000,1008667970,1.011409,1.4966178,888713000,0.53795826,,0.018806875,0.031260382,219704000,13091000,237960990,,,,,0.24721591,0.229928,0.14182644,0.06595267,
