endDate,type,currentPrice,totalCash,totalCashPerShare,ebitda,totalDebt,quickRatio,currentRatio,totalRevenue,debtToEquity,revenuePerShare,returnOnAssets,returnOnEquity,grossProfits,freeCashflow,operatingCashflow,earningsGrowth,revenueGrowth,earningsGrowthAnnual,revenueGrowthAnnual,grossMargins,ebitdaMargins,operatingMargins,profitMargins,financialCurrency
2025-12-31,yearly,,3426136800,5.560738,3455046000,13127344000,1.3159525,1.3159525,7241694000,2.3179238,,0.02979554,0.11310049,3076961000,-678424000,2092679900,0.4634039,0.29772392,0.4634039,0.29772392,0.4248952,0.47710466,0.23445413,0.08845085,
2024-12-31,yearly,,2947375000,4.93491,2675876000,10846595000,1.4730681,1.4730681,5580304000,1.9822798,,0.024009198,0.08051789,2312890000,-752690000,1375541000,-0.578951,0.31463882,-0.578951,0.31463882,0.41447383,0.47952154,0.22644053,0.07895197,
2023-12-31,yearly,,2613313000,4.4577355,2202269000,7484713000,1.4909929,1.4909929,4244743000,1.4688482,,0.07337759,0.20491582,1710889000,316897000,1310283000,12.590545,0.4485012,13.04581,0.4485012,0.40306067,0.51882267,0.24615718,0.24599275,
2022-12-31,yearly,,2922835000,4.9857116,1167671000,6580776000,2.0105147,2.0105147,2930438000,1.5638299,,-0.0071414285,-0.020448823,912021000,-113505000,533830020,0.8590708,0.7168681,0.86406213,0.7168681,0.31122345,0.39846295,0.090572126,-0.029364552,
2021-12-31,yearly,,3719629000,6.3448663,431574020,6284982000,2.9182591,2.9182591,1706851000,1.4189587,,-0.054315373,-0.14291607,113841000,-2314741000,33528000,-0.06013692,0.35869384,-0.047299214,0.35869384,0.06669651,0.2528481,-0.21064872,-0.37086836,
2020-12-31,yearly,,1019611000,45.7579,310443000,5216754000,1.2087946,1.2087946,1256244000,2.113072,,-0.07117202,-0.24482656,-10381000,-883993000,-156264990,-0.7201678,-0.3667956,-0.7815441,-0.3667956,-0.008263522,0.24712,-0.31339693,-0.48113903,
2019-12-31,yearly,,1351381000,64.14929,634057000,4066224100,1.3134567,1.3134567,1983947000,1.7933018,,-0.04576089,-0.14962704,733969000,-380305000,502237000,-1.989904,0.7102505,-1.9651324,0.7102505,0.36995393,0.31959373,0.045473997,-0.1710086,
2018-12-31,yearly,,692194050,37.676666,689406000,2128087000,0.99919903,0.99919903,1160033000,1.7638136,,0.092742294,0.2958544,352647000,-437891000,131533000,24.689535,0.5559155,31.332989,0.5559155,0.3039974,0.5942986,0.43550572,0.30771193,
2017-12-31,yearly,,807730000,51.440838,178184990,1310616100,1.542206,1.542206,745563000,3.1815624,,-0.0059573534,-0.02813267,215707010,-185220990,126721000,0.33232847,0.16276921,0.4629003,0.16276921,0.28932098,0.23899388,0.07913885,-0.015543958,
2016-12-31,yearly,,232903010,0.37800962,172426000,541342000,1.5712534,1.5712534,641196030,1.2211612,,-0.018693734,-0.048673473,199592990,-86728000,84107000,,,,,0.31128234,0.2689131,0.10189863,-0.033651177,
