endDate,type,currentPrice,totalCash,totalCashPerShare,ebitda,totalDebt,quickRatio,currentRatio,totalRevenue,debtToEquity,revenuePerShare,returnOnAssets,returnOnEquity,grossProfits,freeCashflow,operatingCashflow,earningsGrowth,revenueGrowth,earningsGrowthAnnual,revenueGrowthAnnual,grossMargins,ebitdaMargins,operatingMargins,profitMargins,financialCurrency
2026-03-31,yearly,,4202901000,11.2981205,3766048000,14734151000,2.4197543,2.6211956,7431765000,2.0007756,,0.035706293,0.1135459,1948396000,-990747000,3224879000,0.5019408,0.03766123,0.5019408,0.03766123,0.26217136,0.50675017,0.18768099,0.112513915,
2025-03-31,yearly,,3083031000,8.287718,3919585000,14077185000,2.2042437,2.4348104,7162034000,2.1012726,,0.025574036,0.08310209,1785302000,944967000,2689537000,-0.62288225,0.039220296,-0.62288225,0.039220296,0.24927305,0.5472726,0.2118676,0.07773364,
2024-03-31,yearly,,3150778000,9.096434,4879929000,12413965000,1.9687567,2.182277,6891738000,1.8089906,,0.072468035,0.21512666,1675447000,1264418000,3760500000,0.4533967,0.03985958,0.4533967,0.03985958,0.24310951,0.7080839,0.3673217,0.21420997,
2023-03-31,yearly,,3078281000,8.695431,4201125000,12009859000,1.9089354,2.1742933,6627566000,2.031313,,0.05396067,0.1718,2037911000,730688000,2987368000,-0.31408876,0.15867491,-0.31408876,0.15867491,0.3074901,0.6338866,0.31332,0.15326048,
2022-03-31,yearly,,2972767000,8.397378,4038966000,11030031000,2.2017677,2.553288,5719953000,2.073928,,0.08530766,0.27844107,2420264000,-747393000,3446808000,0.5972707,0.32865104,0.5972707,0.32865104,0.42312655,0.70611876,0.42180452,0.25889513,
2021-03-31,yearly,,1350504100,3.814861,2937204000,7615770000,1.498336,1.7406901,4305083000,1.9103475,,0.074660555,0.23256071,1554247900,1583131000,2273225000,0.45087552,0.16546999,0.45087552,0.16546999,0.36102623,0.6822642,0.3602518,0.21535565,
2020-03-31,yearly,,1923570000,5.4336395,2435750000,7865402000,1.7967279,2.0076015,3693860000,2.350213,,0.052751776,0.19093871,1176864000,668899000,1956879000,1.034772,0.09924466,1.034772,0.09924466,0.31860006,0.65940505,0.32102814,0.17299248,
2019-03-31,yearly,,2035868000,5.5928698,1734643000,5855046000,2.401576,2.5863008,3360362000,1.7266378,,0.032213967,0.09261105,871430000,-84859000,1680974000,-0.3613155,-0.021927992,-0.3613155,-0.021927992,0.25932622,0.51620716,0.20772226,0.0934557,
2018-03-31,yearly,,1461716000,4.0155783,1695263000,5290367000,1.9269603,2.2009974,3435700000,1.6081243,,0.05394641,0.14946492,1099359000,90621000,1505151000,0.7321703,0.3166028,0.7321703,0.3166028,0.31998107,0.4934258,0.23275635,0.14311668,
2017-03-31,yearly,,1171567000,3.2184904,1300753000,4799313000,1.1189859,1.2479931,2609519000,1.4101857,,0.03265886,0.08340885,683309000,132790000,949322000,0.46073958,0.11578464,0.46073958,0.11578464,0.26185247,0.49846467,0.25632426,0.10878135,
2016-03-31,yearly,,973146000,8.586895,1077145000,4190743000,1.1448848,1.3333025,2338730000,1.5823888,,0.026313357,0.07337773,623848000,-702880000,749643000,-0.32065865,0.2206035,-0.32065865,0.2206035,0.2667465,0.46056834,0.19986019,0.08309254,
2015-03-31,yearly,,1020112000,9.001316,930247000,4005366000,1.1072363,1.2322056,1916044000,1.5310534,,0.040217612,0.11020934,545506000,117234000,806851000,1.1189325,0.24931553,1.1189325,0.24931553,0.28470433,0.48550397,0.23767722,0.15047514,
2014-03-31,yearly,,551359000,4.879283,549923000,2708118000,1.0994697,1.2430754,1533675000,1.3045186,,0.026794437,0.06503088,444619000,-57271000,473417980,0.8505962,-0.06252006,0.8505962,-0.06252006,0.28990433,0.35856554,0.15898675,0.08802451,
2013-03-31,yearly,,634290000,5.613186,651931970,3232076000,1.3303869,1.5542921,1635955000,1.5386318,,0.012950217,0.03472789,402260000,-394953980,494609980,-0.42382574,0.19675711,-0.42382574,0.19675711,0.24588695,0.39850238,0.12152535,0.04459169,
2012-03-31,yearly,,410567000,3.6333363,580714000,2492640000,1.0163872,1.2819216,1366990000,1.231129,,0.026448002,0.06253389,376552000,-101448000,468265980,-0.11017795,0.05555324,-0.11017795,0.05555324,0.2754607,0.42481217,0.16740502,0.09262028,
2011-03-31,yearly,,225067010,1.9917434,566125000,1877053000,0.9826792,1.3907822,1295046000,0.96087354,,0.035303544,0.07283799,399344000,160648990,476005000,,,,,0.30836278,0.43714663,0.18205144,0.109871,
