endDate,type,currentPrice,totalCash,totalCashPerShare,ebitda,totalDebt,quickRatio,currentRatio,totalRevenue,debtToEquity,revenuePerShare,returnOnAssets,returnOnEquity,grossProfits,freeCashflow,operatingCashflow,earningsGrowth,revenueGrowth,earningsGrowthAnnual,revenueGrowthAnnual,grossMargins,ebitdaMargins,operatingMargins,profitMargins,financialCurrency
2025-12-31,yearly,,25112527000,32.19061,21946268000,113215370000,2.5928671,3.1850345,50115680000,2.5758767,,0.08001694,0.3057343,16226175000,8319448000,18152176000,2.8953652,0.057219625,2.9033,0.057219625,0.32377443,0.4379122,0.21248856,0.26813337,
2024-12-31,yearly,,21990365000,28.18845,24915087000,119543980000,1.3980196,1.7233053,47403282000,3.6878562,,-0.042454332,-0.21732473,20001755000,91686000,20604426000,-1.5022559,0.19236816,-1.500162,0.19236816,0.42194873,0.52559835,0.3310128,-0.1486122,
2023-12-31,yearly,,21169756000,27.136549,19537398000,88745935000,2.2049363,2.6068919,39755575000,1.9804807,,0.09823862,0.3148022,14678900000,-8719819000,17315478000,-0.3976102,-0.20219103,-0.3976102,-0.20219103,0.36922872,0.49143794,0.3072849,0.35482773,
2022-12-31,yearly,,17052590000,12.52703,29649558000,88874090000,2.1662443,2.5615,49830945000,2.679645,,0.17563997,0.7053799,25009658000,4624862000,21640620000,1.7104765,0.21641454,1.7104765,0.21641454,0.5018901,0.5950029,0.44596344,0.46948513,
2021-12-31,yearly,,21099050000,15.499607,25218286000,95904330000,2.5508516,2.9523227,40965430000,6.319836,,0.072582655,0.5690582,20349843000,7278802000,17637493000,1.804338,0.3448804,1.8050805,0.3448804,0.4967565,0.6155992,0.44379348,0.21080047,
2020-12-31,yearly,,9047136000,6.646131,15159762000,88333935000,1.7067125,2.1972816,30460277000,12.038897,,-0.10525399,-1.460322,11493946000,12388219000,13124636000,-2.8064806,0.17096588,-2.80672,0.17096588,0.37734213,0.49768957,0.2771936,-0.35176748,
2019-12-31,yearly,,9399758000,6.905171,7069525000,74569010000,1.2369022,1.6450838,26012950000,4.1225753,,-0.028748779,-0.15561405,5269468000,-4118582000,7576437000,-9.850684,0.9358721,-9.841964,0.9358721,0.20257095,0.27176943,0.10104883,-0.108205415,
2018-12-31,yearly,,25486019000,18.722324,6568982000,39274730000,4.7775745,5.083434,13437329000,3.2658358,,0.005904773,0.026481101,6518993000,-16791862000,5170850000,-0.8238723,0.27721673,-0.8238723,0.27721673,0.48514053,0.4888607,0.37252635,0.02369965,
2017-12-31,yearly,,2708338000,2.4491534,4660683000,15308132000,1.5071108,1.8328505,10520790000,1.317219,,0.063367605,0.15552421,4071322000,1941660000,2949994000,0.06822407,0.06460805,0.06822407,0.06460805,0.38697875,0.44299743,0.30966353,0.17179632,
2016-12-31,yearly,,3695311900,3.3416753,2720611000,17020665000,1.7536772,2.0965457,9882313000,1.6779884,,0.0575523,0.16680624,3310691000,-339309000,3003175000,2.8284872,-0.033454217,2.8284872,-0.033454217,0.33501175,0.27530104,0.1332778,0.17121477,
2015-12-31,yearly,,2448096000,2.2099943,4489461000,17375840000,1.5020401,1.8769065,10224361000,1.8903054,,-0.032744322,-0.10066861,4040115000,-53000,2350709000,-2.5385575,0.40742263,-2.5385575,0.40742263,0.39514595,0.43909454,0.3002617,-0.090504825,
2014-12-31,yearly,,3686115000,3.3276036,2445701000,16532034000,1.8034495,2.1545596,7264599000,1.6026973,,-0.009299824,-0.025351686,1908935000,67044000,1464814000,-0.18618876,0.27703953,-0.18618876,0.27703953,0.26277223,0.33666015,0.1692549,-0.03599731,
2013-12-31,yearly,,3689640000,3.3307858,1864953000,15189257000,2.4399414,2.8367417,5688625000,1.4212518,,-0.008120234,-0.020628247,1498310000,-1883483000,40735000,-0.21047522,0.095590346,-0.21047522,0.095590346,0.26338702,0.327839,0.17149433,-0.03875436,
2012-12-31,yearly,,4337608000,3.915949,1271625000,13117416000,2.102067,2.341487,5192292000,1.1922672,,-0.007183484,-0.016553782,1156016000,-2044376100,669890000,-7.0930047,0.07101998,-7.0930047,0.07101998,0.2226408,0.24490629,0.10483906,-0.035076223,
2011-12-31,yearly,,3273938000,8.0068445,1306212000,11151988000,1.5074244,1.7416229,4847988000,1.1528331,,0.0013801953,0.0030899725,1076051000,-2286945000,942310000,-0.9611299,0.074017204,-0.9611299,0.074017204,0.22195826,0.26943383,0.13951293,0.0061656507,
2010-12-31,yearly,,3735438000,9.135503,1677293000,9580293000,2.2961175,2.6135845,4513883000,1.1087441,,0.040658608,0.08899737,1365381000,825372030,1177867000,,,,,0.3024848,0.3715854,0.2550897,0.17036264,
