endDate,type,currentPrice,totalCash,totalCashPerShare,ebitda,totalDebt,quickRatio,currentRatio,totalRevenue,debtToEquity,revenuePerShare,returnOnAssets,returnOnEquity,grossProfits,freeCashflow,operatingCashflow,earningsGrowth,revenueGrowth,earningsGrowthAnnual,revenueGrowthAnnual,grossMargins,ebitdaMargins,operatingMargins,profitMargins,financialCurrency
2025-12-31,yearly,,741596030,0.7175601,2799541000,13953163000,1.5663773,1.5663773,4624113000,1.8337753,,0.07019584,0.20763132,2546290000,920062000,1531430000,-0.06733041,0.24366362,-0.06733041,0.24366362,0.55065477,0.60542226,0.5917422,0.34165752,
2024-12-31,yearly,,750976000,0.7266361,2888083000,12512262000,1.2273548,1.2273548,3718138000,1.8030485,,0.082908675,0.24409741,2472307000,1502972000,1540337000,0.23839223,0.10589224,0.23839223,0.10589224,0.6649315,0.7767552,0.77010673,0.45558152,
2023-12-31,yearly,,1306121000,1.2637882,2353005000,12174435000,2.0015364,2.0015364,3362116000,1.8227085,,0.070330516,0.20478672,2121396000,681105000,756402000,-0.056155227,0.2849586,-0.056155227,0.2849586,0.6309705,0.69985837,0.6945272,0.40683725,
2022-12-31,yearly,,1083174000,1.0480672,2466266000,10355009000,3.0245879,3.0245879,2616517000,1.5759907,,0.0837257,0.2205647,2118069000,1699663000,2010871000,-0.34534678,-0.24640551,-0.34534678,-0.24640551,0.80949944,0.94257593,0.93302965,0.5538718,
2021-12-31,yearly,,384824000,0.37235147,3457905000,8751795000,1.5066953,1.5066953,3472049000,1.3092169,,0.13926552,0.33115855,2823061000,1319756000,1448574000,-0.021747498,-0.02505752,-0.021747498,-0.02505752,0.81308216,0.9959263,0.98940223,0.63758147,
2020-12-31,yearly,,896031000,0.86698973,3209985000,7687611000,2.8042305,2.8042305,3561286000,1.2757607,,0.16042963,0.3755332,2513307000,1906439900,517544000,1.258728,0.98404866,1.258728,0.98404866,0.7057302,0.90135556,0.897065,0.63542414,
2019-12-31,yearly,,82562000,0.07988608,1418195000,6049682000,3.5809598,3.5809598,1794959000,1.2279143,,0.08925353,0.20344159,1220941000,-917455000,896179000,-0.06482375,0.09767514,-0.06482375,0.09767514,0.6802055,0.79009885,0.78274435,0.5584055,
2018-12-31,yearly,,20869000,0.020192614,1436255000,3825717000,2.980297,2.980297,1635237000,0.8367615,,0.124334775,0.23431602,1272881000,960071000,1197327000,0.65252167,0.5182427,0.65252167,0.5182427,0.77840763,0.8783161,0.8744023,0.6551375,
2017-12-31,yearly,,56680000,0.05484294,930186000,3464269000,3.019329,3.019329,1077059000,0.79683214,,0.08048411,0.14911497,879282000,1143651000,1472807900,-0.24798681,-0.22573565,-0.24798681,-0.22573565,0.8163731,0.8636351,0.85999,0.60190296,
2016-12-31,yearly,,101505000,0.09821512,1374547000,3938032100,1.8195626,1.8195626,1391074000,0.9142081,,0.102497354,0.2001273,1241878000,1429382000,1613393000,-0.052073676,-0.09814874,-0.052073676,-0.09814874,0.89274764,0.98811924,0.9857326,0.61971253,
2015-12-31,yearly,,132441000,0.12814845,1539294000,4341523000,2.064818,2.064818,1542465000,0.99187994,,0.102615215,0.20777005,1423978000,1678674000,1684987000,0.00505943,0.031194596,0.00505943,0.031194596,0.9231833,0.9979442,0.9968142,0.58959067,
2014-12-31,yearly,,101853000,0.09855184,1516994000,4288195000,2.3769944,2.3769944,1495804000,1.0150458,,0.10450019,0.21418315,1324919000,2045931000,1726941000,0.013432272,0.03312012,0.013432272,0.03312012,0.8857571,1.0141662,1.0132003,0.6049222,
2013-12-31,yearly,,121140000,0.117213726,1322850000,4693605000,1.6290787,1.6290787,1447851000,1.090252,,0.09753597,0.20739575,1229268000,1170806000,1186028000,0.51540947,0.183198,0.51540947,0.183198,0.84902936,0.91366446,0.91250414,0.61667395,
2012-12-31,yearly,,2482031000,2.4015858,1089028000,5315752000,5.795466,5.795466,1223676000,1.2973973,,0.061141524,0.14379962,1114853000,-1610671000,1034659000,0.18930802,0.22705774,0.18930802,0.22705774,0.9110688,0.88996434,0.8885064,0.4814853,
2011-12-31,yearly,,501763000,1.9042318,894211000,3894494000,0.94255686,0.94442606,997244030,1.7289866,,0.07632584,0.2199357,933154000,-105560000,751458000,0.15577298,0.24874972,0.15577298,0.24874972,0.93573284,0.8966822,0.89517707,0.4967681,
2010-12-31,yearly,,414577980,1.5733575,696437000,1813277000,3.5060153,3.5085654,798594000,0.72289515,,0.093672626,0.17088099,728019970,585555970,605247000,,,,,0.9116272,0.87207896,0.853644,0.5367308,
