endDate,type,currentPrice,totalCash,totalCashPerShare,ebitda,totalDebt,quickRatio,currentRatio,totalRevenue,debtToEquity,revenuePerShare,returnOnAssets,returnOnEquity,grossProfits,freeCashflow,operatingCashflow,earningsGrowth,revenueGrowth,earningsGrowthAnnual,revenueGrowthAnnual,grossMargins,ebitdaMargins,operatingMargins,profitMargins,financialCurrency
2025-12-31,yearly,,1046921000,13.086513,586252030,3828735000,1.403512,2.103124,4173389000,3.177732,,0.073115766,0.4020628,1255391000,80793000,290321000,3.7519572,0.27066976,3.7519572,0.27066976,0.30080852,0.14047384,0.12428748,0.116076164,
2024-12-31,yearly,,849321000,10.616512,363723000,3073796000,0.9957791,1.6395398,3284401000,3.2140744,,0.018828226,0.10530713,891443970,307948000,542184000,2.1102266,0.13134778,2.0380743,0.13134778,0.27141753,0.11074257,0.08985748,0.03066343,
2023-12-31,yearly,,718816000,8.9852,134403010,2586587100,0.9618669,1.638705,2903087000,2.9922216,,-0.022553736,-0.118585855,608619000,212579010,279947000,,3.4563944,-1.346572,3.4563944,0.20964545,0.04629658,0.025035419,-0.03531069,
2023-03-31,yearly,,603643000,5.78511,35813000,2528542000,0.86976856,1.1245191,651443000,3.736318,,-0.010458819,-0.06455145,132638000,-3737000,-997000,1.0,-0.7299814,0.9213893,-0.7299814,0.20360646,0.05497488,0.03256463,-0.067058824,
2022-12-31,yearly,,674241000,6.4616976,-259751010,2527330000,0.9304076,1.3567231,2412586000,3.5218613,,-0.13460885,-0.77439195,274689980,64125000,-367337980,-1.8583174,-0.05014579,-1.8267758,-0.05014579,0.113857076,-0.10766497,-0.13090062,-0.23033914,
2021-12-31,yearly,,1064944000,10.206063,-45878000,2292917000,1.4346325,2.1985655,2539954000,1.8908659,,-0.044261876,-0.16211814,451289980,-25211000,-163656990,-1.9558699,0.112858616,-1.9813895,0.112858616,0.17767644,-0.018062532,-0.035603005,-0.07739864,
2020-12-31,yearly,,1305454000,12.511029,294707000,2101898100,1.6287673,2.2681463,2282369000,1.3845392,,0.04714025,0.13155736,710358000,-155808000,93979000,-0.23991065,0.17038682,-0.23991065,0.17038682,0.31123713,0.12912329,0.11595321,0.08750557,
2019-12-31,yearly,,1070451970,10.25885,322381000,1561920000,2.6785054,4.329001,1950098000,1.155515,,0.07601383,0.19561385,648075000,-140346000,68810000,0.31579894,0.15990683,0.31579894,0.15990683,0.33232945,0.16531529,0.14908533,0.13558958,
2018-12-31,yearly,,855559000,8.1993885,243490000,973770000,2.765851,3.941638,1681254000,0.80893093,,0.07681915,0.1672623,585830000,-78729000,283441000,0.87739724,0.23812434,0.87739724,0.23812434,0.34844825,0.14482643,0.13047405,0.11975942,
2017-12-31,yearly,,497722980,9.211105,141856000,596705000,2.207072,3.4816263,1357904000,0.5127481,,0.04900575,0.08991363,468617000,-109812000,188411010,0.8832148,0.2899127,0.8832148,0.2899127,0.34510317,0.104466885,0.09093942,0.077057,
2016-12-31,yearly,,223486990,4.138648,103733000,474321980,1.8492893,3.4433925,1052710000,0.44097462,,0.025384113,0.043945737,323005000,142052000,137055010,0.8684367,0.23708227,0.8684367,0.23708227,0.3068319,0.09853901,0.08385785,0.044902205,
2015-12-31,yearly,,234273980,0.37007898,45794000,486673000,1.7469883,2.7222044,850962000,0.4319018,,0.015583578,0.026354838,245378000,136792990,-85495000,1.2140578,0.49255443,1.2129422,0.49255443,0.28835365,0.05381439,0.035777155,0.03489815,
2014-12-31,yearly,,494572000,0.7812677,-95539000,579931000,1.5301979,2.3507776,570138000,0.5358093,,-0.06699922,-0.13155313,125890000,114818000,19334000,-0.5577943,-0.30255023,-0.68263197,-0.30255023,0.2208062,-0.16757171,-0.19501068,-0.24973954,
2013-12-31,yearly,,707959000,1.1181767,-60632000,781758000,1.6199251,2.3255486,817461000,0.64189804,,-0.03375199,-0.06948193,65245000,125894000,221364990,0.2599098,-0.2738005,0.3050352,-0.2738005,0.0798142,-0.074171126,-0.08827088,-0.10351686,
2012-12-31,yearly,,819405000,1.2941986,-103069000,1056979000,2.7213416,3.9910507,1125670000,0.57230705,,-0.036622807,-0.06592924,148198000,62615000,15724000,0.81386787,1.5240256,0.8154337,1.5240256,0.13165314,-0.09156236,-0.10592447,-0.108169354,
2011-12-31,yearly,,624428030,0.98636776,-616151000,866302000,1.4496841,2.2829747,445982020,0.415836,,-0.18911287,-0.3166764,-279477000,-898835000,-561192000,-6.332768,-0.6535306,-6.330077,-0.6535306,-0.6266553,-1.3815602,-1.4261696,-1.4792637,
2010-12-31,yearly,,366473980,0.81617135,170134000,995603000,2.9451342,3.689492,1287219000,0.58215314,,0.0378663,0.07237365,381590020,-630849000,-639471000,,,,,0.2964453,0.13217176,0.12161567,0.096156135,
