endDate,type,currentPrice,totalCash,totalCashPerShare,ebitda,totalDebt,quickRatio,currentRatio,totalRevenue,debtToEquity,revenuePerShare,returnOnAssets,returnOnEquity,grossProfits,freeCashflow,operatingCashflow,earningsGrowth,revenueGrowth,earningsGrowthAnnual,revenueGrowthAnnual,grossMargins,ebitdaMargins,operatingMargins,profitMargins,financialCurrency
2025-12-31,yearly,,1785703000,2.979143,1463811800,2173064000,1.959219,1.959219,5771867000,0.3992066,,0.097410634,0.16914655,4055541000,263850000,1203183000,0.24282208,0.10487352,0.24282208,0.10487352,0.7026394,0.2536115,0.19451728,0.15952238,
2024-12-31,yearly,,1942162000,3.240168,1203538000,2521381000,2.4152815,2.4152815,5224007000,0.50557846,,0.08620101,0.14746845,3629858000,-219020990,1114611000,-0.023552667,0.16165766,-0.023552667,0.16165766,0.69484174,0.23038599,0.16793029,0.1407814,
2023-12-31,yearly,,3129162000,5.0700703,983496000,2613369000,2.8962808,2.8962808,4497028000,0.5213526,,0.08658366,0.15250054,3135994000,948716030,952107000,0.47513926,0.1856337,0.47513926,0.1856337,0.6973481,0.21869911,0.1558129,0.16998671,
2022-12-31,yearly,,2735765000,4.432663,877203000,2811134000,1.8673494,1.8673494,3792932000,0.6131356,,0.049292717,0.114137016,2647663000,189099010,915560000,0.3518268,0.163882,0.3518268,0.163882,0.6980518,0.23127307,0.16901833,0.13796741,
2021-12-31,yearly,,3259225900,5.2808084,773632000,2681761000,1.6527039,1.6527039,3258863000,0.5978057,,0.037610464,0.08337858,2226012000,-1722365000,424521980,0.24929567,0.2553029,0.24929567,0.2553029,0.683064,0.23739323,0.15726712,0.11477531,
2020-12-31,yearly,,1207041000,2.08862,598125000,649015000,1.388201,1.388201,2596077000,0.24922182,,0.057313588,0.113264285,1749951000,15981000,371742020,0.40593243,0.13757053,0.40593243,0.13757053,0.6740751,0.2303957,0.15158948,0.1136172,
2019-12-31,yearly,,1538156000,2.6615696,472237000,610562050,2.840719,2.840719,2282124000,0.2463524,,0.059573628,0.084993236,1538269000,308417980,345299000,2.523141,-0.016439904,2.523141,-0.016439904,0.67405146,0.20692872,0.14250058,0.092303485,
2018-12-31,yearly,,452799000,2.7336707,259439010,636918000,1.3790677,1.437594,2320269000,0.4944171,,0.02536009,0.047075033,1435700000,323793980,426006020,-0.3595681,0.04172664,-0.3595681,0.04172664,0.61876446,0.11181419,0.05440102,0.026136193,
2017-12-31,yearly,,387169000,2.3374445,294493020,836818000,1.604296,1.6766825,2227330000,0.66331106,,0.037398566,0.07392177,1363854000,279460000,329772000,-0.39091957,0.019939683,-0.39091957,0.019939683,0.61232686,0.13221796,0.064471364,0.041869864,
2016-12-31,yearly,,214772000,1.2966369,343917000,806922000,1.4795281,1.5247365,2183786000,0.66091526,,0.06230543,0.124717005,1307008000,161759010,260508000,-0.21925645,0.1441,-0.21925645,0.1441,0.59850556,0.15748659,0.09719496,0.06972706,
2015-12-31,yearly,,501628000,3.0284646,331968000,1005089000,1.6901393,1.7575572,1908737000,0.8120409,,0.07323085,0.15750259,1202268000,-193952000,313167000,-0.2564307,0.076893695,-0.2564307,0.076893695,0.6298762,0.17392024,0.119612075,0.102133505,
2014-12-31,yearly,,733070000,,436004000,705341000,3.045644,3.045644,1772447000,0.6308604,,0.122581355,0.23504779,1173287900,199274000,332045000,0.18177897,0.099673405,0.18177897,0.099673405,0.66195935,0.24598986,0.19581743,0.14826846,
2013-12-31,yearly,,546339970,3.3422022,401582020,469537000,2.5615132,2.5615132,1611794000,0.43888608,,0.12067418,0.20853625,1070498000,64096000,282225980,0.074169196,0.13990188,0.074169196,0.13990188,0.6641655,0.24915218,0.197931,0.1384172,
2012-12-31,yearly,,422576000,2.6052296,378048000,270788000,2.2303722,2.2303722,1413976100,0.29654405,,0.1458151,0.22685091,957155970,272005000,306796000,0.22643167,0.105394155,0.22643167,0.105394155,0.6769251,0.2673652,0.20991868,0.14650035,
2011-12-31,yearly,,315581000,1.9740951,308683000,371014980,1.9691886,1.9691886,1279160100,0.49477437,,0.12660855,0.22588407,867014000,218676990,284217980,0.22515103,0.13252626,0.22515103,0.13252626,0.67779946,0.24131694,0.17683402,0.13241737,
2010-12-31,yearly,,238824990,1.5182345,289552000,604713000,2.0715005,2.0715005,1129475000,0.9574667,,0.097165674,0.21775368,752025000,128440000,217144990,,,,,0.6658182,0.25635982,0.18740475,0.12176277,
