endDate,type,currentPrice,totalCash,totalCashPerShare,ebitda,totalDebt,quickRatio,currentRatio,totalRevenue,debtToEquity,revenuePerShare,returnOnAssets,returnOnEquity,grossProfits,freeCashflow,operatingCashflow,earningsGrowth,revenueGrowth,earningsGrowthAnnual,revenueGrowthAnnual,grossMargins,ebitdaMargins,operatingMargins,profitMargins,financialCurrency
2025-12-31,yearly,,7026883000,6.2992716,6565426000,24365890000,1.2603927,1.6186303,142369540000,1.3742268,,0.05150881,0.14336264,9358841000,2606790000,5452502000,0.038562432,0.066447206,0.038562432,0.066447206,0.06573626,0.046115384,0.034974217,0.017854298,
2024-12-31,yearly,,4624604000,4.145741,6156184000,17110649000,1.156048,1.5293447,133498910000,1.081348,,0.06385296,0.15963022,9687020000,-2652374000,3735576000,-0.03158257,0.059105806,-0.03158257,0.059105806,0.07256254,0.046114113,0.0370299,0.018920753,
2023-12-31,yearly,,6218622000,5.5752177,5724102000,15297170000,1.2785308,1.6606823,126048700000,1.0903322,,0.06582021,0.17945717,9318232000,2828267000,3849822000,0.35481018,-0.12243566,0.35481018,-0.12243566,0.07392565,0.04541183,0.036317907,0.019974446,
2022-12-31,yearly,,6142121000,5.507619,4369593000,15085494000,1.0698925,1.4541935,143634710000,1.2390583,,0.05049447,0.15113543,7358451000,9907795000,2004694000,1.1174808,0.30894917,1.1174808,0.30894917,0.05123031,0.030421566,0.023315625,0.012810755,
2021-12-31,yearly,,4084196000,3.6624582,2683214000,18955770000,1.6697012,1.979725,109732840000,1.8106157,,0.022657521,0.08442619,4904876000,3310095900,2585960000,-0.048042104,0.35070592,-0.048042104,0.35070592,0.044698343,0.024452243,0.016124435,0.008054817,
2020-12-31,yearly,,7694751700,6.9006486,3035601000,20615188000,1.4763671,1.8925842,81241104000,2.0801854,,0.025591528,0.093609706,5612888000,1001714000,3138119000,1.3917557,-0.090224616,1.3917557,-0.090224616,0.06908926,0.037365336,0.021767775,0.01141906,
2019-12-31,yearly,,5205591000,4.6690316,2433112000,17489066000,2.1833193,2.8985283,89297980000,1.7782159,,0.012916747,0.04096968,6110866000,1089591000,2924852000,-0.67531365,-0.015435846,-0.67531365,-0.015435846,0.0684323,0.02724711,0.014428176,0.004512353,
2018-12-31,yearly,,6792057000,6.103518,2697064000,16636566000,2.0289702,2.5583436,90697980000,1.6976037,,0.037125982,0.115542516,6160615000,-288673980,2888959000,-0.26925197,0.1336196,-0.26925197,0.1336196,0.0679245,0.02973676,0.020778578,0.012484511,
2017-12-31,yearly,,6285502000,11.296629,4063544000,15109177000,1.6694372,2.167282,80007420000,1.554309,,0.055534583,0.16190672,7271641000,367283000,2279420000,0.008146211,0.03431634,0.008146211,0.03431634,0.090887085,0.05078959,0.036091566,0.019671526,
2016-12-31,yearly,,5686745000,10.220512,4216724000,12589770000,1.8681775,2.3714094,77352950000,1.4710153,,0.065009914,0.18351433,7010232000,664894000,2513670000,0.038656678,0.022439625,0.038656678,0.022439625,0.09062656,0.054512776,0.040246505,0.020304564,
2015-12-31,yearly,,3506197000,6.3015184,3953293000,10256384000,1.9346088,2.5855305,75655274000,1.2862074,,0.07216295,0.18973508,6721572000,2399883000,3201679000,0.2109462,0.116908915,0.2109462,0.116908915,0.088844724,0.052254032,0.039001193,0.019998236,
2014-12-31,yearly,,4269182000,7.6727943,3157935000,9504069000,1.3312099,1.6693994,67736297000,1.2300463,,0.06422939,0.16193588,5431667000,1110466000,2650696000,0.013402517,0.111519895,0.013402517,0.111519895,0.08018842,0.046621017,0.033513907,0.018471824,
2013-12-31,yearly,,3425201000,6.155948,2917977000,7897156000,1.6765683,2.0996037,60940247000,1.2062461,,0.075019665,0.187679,4774864000,832786000,2120686000,0.21180227,0.1302095,0.21180227,0.1302095,0.07835321,0.04788259,0.035100613,0.020162586,
2012-12-31,yearly,,3012187000,3.7652338,2417131000,7175837000,1.5673659,1.9140317,53919425000,1.1928444,,0.06652738,0.16920024,4122224100,878119000,2449866000,0.19115439,0.10805551,0.19115439,0.10805551,0.07645156,0.044828575,0.031697594,0.0188775,
2011-12-31,yearly,,2707890000,3.3848624,2042436000,6372726000,1.2849315,1.6046494,48661303000,1.1426315,,0.06219917,0.15326355,3521703000,252256990,1710133000,0.10905619,0.1454647,0.10905619,0.1454647,0.072371736,0.04197249,0.02984283,0.017566053,
2010-12-31,yearly,,3200627000,5.8793554,1785927900,6116815000,2.1144164,2.5646026,42481713000,1.1818601,,0.058906484,0.14784537,3158824000,604622000,1508197000,,,,,0.074357264,0.042039923,0.029318897,0.018012127,
