endDate,type,currentPrice,totalCash,totalCashPerShare,ebitda,totalDebt,quickRatio,currentRatio,totalRevenue,debtToEquity,revenuePerShare,returnOnAssets,returnOnEquity,grossProfits,freeCashflow,operatingCashflow,earningsGrowth,revenueGrowth,earningsGrowthAnnual,revenueGrowthAnnual,grossMargins,ebitdaMargins,operatingMargins,profitMargins,financialCurrency
2025-12-31,yearly,,6943595000,5.541226,-89095000,8089163300,2.6657865,4.1194606,26263450000,0.341295,,-0.081548356,-0.12277909,2183929000,192368000,2179444000,-20.091309,0.015216584,-866.56635,0.015216584,0.083154686,-0.0033923571,-0.051930953,-0.11080167,
2024-12-31,yearly,,5953981000,4.75148,1725643000,8555840000,2.0863318,3.6443443,25869800000,0.3206393,,8.4320265e-05,0.00012599457,1659936000,88236000,989165000,-1.1049272,-0.06398892,-0.9975829,-0.06398892,0.06416501,0.06670492,0.019311165,0.00012995848,
2023-12-31,yearly,,6009833000,4.796052,1861406100,8220812000,1.8929905,3.2517927,27638348000,0.3096417,,0.040844038,0.06178542,1787830000,1893712000,4568077000,-0.13903232,-0.14881694,-0.13903232,-0.14881694,0.064686574,0.067348674,0.028924884,0.05935116,
2022-12-31,yearly,,5072361000,4.0479174,3569102000,8851050000,1.927352,3.7752776,32470510000,0.3419011,,0.052321635,0.08084476,5679675000,-2343779000,997118000,-0.8218914,-0.03753906,-0.8218914,-0.03753906,0.17491795,0.10991826,0.082118236,0.06445507,
2021-12-31,yearly,,7023549000,5.605032,12473203000,8962903000,1.9714547,3.1584816,33736964000,0.3679579,,0.25480127,0.4129956,11274328000,4970842000,5296571000,12.481955,1.0970198,12.481955,1.0970198,0.33418325,0.36971918,0.34058967,0.29818788,
2020-12-31,yearly,,4868104000,3.8849132,3928688100,8770821000,1.7726576,2.641068,16088052000,0.5208892,,0.043126907,0.076715164,3256530000,2280229000,3759388000,2.1547139,0.076216094,2.1547139,0.076216094,0.20241916,0.24419911,0.18202733,0.08029207,
2019-12-31,yearly,,1921141000,1.5331361,1944295900,8002943000,1.7529098,3.0664656,14948719000,0.5141401,,0.014302713,0.024200093,1874590000,1442818000,1971824000,-0.7065126,0.08822584,-0.7065126,0.08822584,0.12540138,0.13006438,0.06371857,0.025198882,
2018-12-31,yearly,,1693349000,1.3513503,2171806000,7957826000,1.3321707,2.4955456,13736780000,0.50695217,,0.03124339,0.052791893,2215086000,413718020,509617980,2.1185029,0.27973068,2.1185029,0.27973068,0.1612522,0.15810153,0.0831542,0.06032673,
2017-12-31,yearly,,2314288100,1.8468809,2055721000,8744070000,1.4742744,2.3814034,10734118000,0.5758753,,0.012125701,0.02075084,1635094000,1689875000,877029000,1.3478085,0.26967874,1.4039488,0.26967874,0.1523268,0.1915128,0.08234212,0.029353134,
2016-12-31,yearly,,2257454000,1.8015254,994899000,9378575000,2.177877,3.6641462,8454200000,0.6173513,,-0.021970998,-0.037971098,487321980,-744237000,-310312000,0.79297584,-0.16998263,0.8434609,-0.16998263,0.05764259,0.117681034,-0.026210878,-0.06823153,
2015-12-31,yearly,,2024457000,8.075562,-2317507000,10180053000,0.9222633,1.5335765,10185570000,0.6789482,,-0.1327521,-0.24576578,172552000,-994774000,103414000,-25.979198,-0.13252497,-29.444,-0.13252497,0.016940828,-0.22752845,-0.35630858,-0.36178407,
2014-12-31,yearly,,2851903000,2.8131208,1821345000,8658912000,0.99141073,1.7287638,11741629000,0.46152273,,0.0068389513,0.011111997,1036765000,222234000,1218590000,1.9144115,-0.084792145,6.715562,-0.084792145,0.088298224,0.1551186,0.06019165,0.017755544,
2013-12-31,yearly,,3468815900,3.4216444,1773313000,8766728000,1.1026798,1.8595206,12829467000,0.46547487,,0.0005354615,0.00089152856,1475803000,938642000,1106293000,0.77848065,0.009494839,1.0316036,0.009494839,0.11503229,0.13822187,0.054630484,0.0013087839,
2012-12-31,yearly,,4718322000,4.654159,859243000,10545298000,1.2956811,1.9953364,12708799000,0.56961364,,-0.016210912,-0.02869864,660499000,1565632000,3409075000,-3.744046,0.06779052,-3.2795043,0.06779052,0.051971786,0.067610085,-0.010895995,-0.04180568,
2011-12-31,yearly,,5190695000,5.120108,1549707000,11393563000,1.8469573,3.0831895,11901959000,0.59921324,,0.012114144,0.021254268,1294168100,-1392480000,-470631000,-0.8517171,-0.08180865,-0.8517171,-0.08180865,0.108735725,0.13020605,0.0582105,0.033955168,
2010-12-31,yearly,,4553885000,4.491958,2961206000,10106082000,2.0972378,3.4841452,12962395000,0.53107625,,0.049769703,0.08322107,2530856000,-1830174000,1347761000,,,,,0.19524601,0.2284459,0.1649655,0.12217264,
