endDate,type,currentPrice,totalCash,totalCashPerShare,ebitda,totalDebt,quickRatio,currentRatio,totalRevenue,debtToEquity,revenuePerShare,returnOnAssets,returnOnEquity,grossProfits,freeCashflow,operatingCashflow,earningsGrowth,revenueGrowth,earningsGrowthAnnual,revenueGrowthAnnual,grossMargins,ebitdaMargins,operatingMargins,profitMargins,financialCurrency
2025-12-31,yearly,,41629000000,9.377675,49275000000,203579000000,0.7785044,1.1525997,213595000000,1.0775595,,0.024808126,0.06251654,74708000000,10302000000,48765000000,-0.5627374,0.036843766,-0.5627374,0.036843766,0.34976473,0.23069361,0.14967111,0.05529624,
2024-12-31,yearly,,31002000000,6.8301277,71984000000,208773000000,0.6780951,1.0298686,206005000000,0.9768529,,0.06131265,0.14238724,74687000000,19418000000,50199000000,-0.20901352,-0.009905511,-0.20901352,-0.009905511,0.36254945,0.34942842,0.26921192,0.14771971,
2023-12-31,yearly,,17724000000,3.9048183,80572000000,191651000000,0.95633423,1.2759908,208066000000,0.9663482,,0.088937335,0.20448254,88050000000,34480000000,65905000000,-0.5836287,-0.08141876,-0.5836287,-0.08141876,0.42318302,0.3872425,0.31370816,0.1949093,
2022-12-31,yearly,,25031000000,5.514642,106712000000,188567000000,0.79504126,1.1177046,226508000000,0.9675362,,0.21248293,0.4943046,102313000000,34025000000,58201000000,-0.20873065,-0.22831523,-0.20873065,-0.22831523,0.45169708,0.471118,0.3987762,0.4253139,
2021-12-31,yearly,,66437000000,13.289951,157714000000,223976000000,1.183425,1.4714552,293524000000,1.1365994,,0.24310999,0.615773,176257000000,101478000000,136766000000,3.5382137,0.4075949,3.5382137,0.4075949,0.6004858,0.5373121,0.48151088,0.41340062,
2020-12-31,yearly,,70085570000,13.262542,68746840000,227207380000,1.3938011,1.672064,208528750000,1.2553866,,0.052082833,0.13759264,109961265000,50974036000,75207880000,5.004037,0.40291214,4.071825,0.40291214,0.52731943,0.32967559,0.24969037,0.11941922,
2019-12-31,yearly,,29627093000,5.60644,16990508000,162520140000,0.92229235,1.2310143,148639920000,1.0341763,,-0.02352377,-0.05533615,64804356000,20746590000,47283753000,-1.2600292,0.105268195,-1.3389406,0.105268195,0.43598217,0.114306495,0.015068462,-0.058504067,
2018-12-31,yearly,,22412546000,4.2412057,55414678000,136404520000,1.1836746,1.6684034,134483124000,0.7853685,,0.07542479,0.14839616,53282222000,47004260000,47930770000,0.45550764,0.23911011,0.45550764,0.23911011,0.39620006,0.41205674,0.3210495,0.19165058,
2017-12-31,yearly,,14317520000,2.709355,46376040000,142266930000,1.1465958,1.4461327,108532020000,0.96057737,,0.05385605,0.119306676,41274712000,28571345000,40240693000,0.32421303,0.14686972,0.32421303,0.14686972,0.38029987,0.4273028,0.31818888,0.16280901,
2016-12-31,yearly,,13890591000,2.6486945,37179597000,157794620000,1.7108614,2.008965,94633260000,1.1801987,,0.041204385,0.099448934,33489834000,4995545000,21634644000,1.3010812,0.10683237,1.2894007,0.10683237,0.35389075,0.39288086,0.2649463,0.14050552,
2015-12-31,yearly,,14021704000,2.6736956,-14848129000,174736260000,1.1326053,1.4670893,85499180000,1.2533122,,-0.13311155,-0.32991508,16841450000,-4398084000,15718875000,-47.325363,-0.031440426,-49.195087,-0.031440426,0.19697791,-0.17366399,-0.33143172,-0.53797734,
2014-12-31,yearly,,10555341000,2.0127203,27682052000,135068344000,1.4655766,1.8848714,88274570000,0.9028535,,0.00070968637,0.0014678183,29188660000,5432284000,27790954000,7.2924294,-0.13021196,7.2924294,-0.13021196,0.33065763,0.31359035,0.1990675,0.0024875568,
2013-12-31,yearly,,12465248000,2.3233068,42390060000,121398820000,2.106927,2.5360377,101489750000,0.7980356,,-0.0008838007,-0.0016957698,48979108000,9084782000,32234977000,-0.98817605,0.08531862,-0.98817605,0.08531862,0.48260152,0.41767827,0.32945904,-0.002541774,
2012-12-31,yearly,,11917718000,2.2212567,23393620000,92713020000,1.391586,1.7936373,93511480000,0.5957148,,0.034590427,0.059324957,41514100000,2988098000,33082305000,-0.7425883,-0.0938407,-0.7425883,-0.0938407,0.44394657,0.2501684,0.16036738,0.09873583,
2011-12-31,yearly,,7457928000,1.3900288,60019905000,76739320000,1.4283025,1.8940417,103195410000,0.5231381,,0.15468502,0.25496033,62706536000,17358977000,42062307000,0.25752112,0.23995672,0.25752112,0.23995672,0.6076485,0.5816141,0.5144359,0.3624214,
2010-12-31,yearly,,13468958000,2.510381,46183630000,72961950000,1.4872406,1.7291467,83225010000,0.6272149,,0.14171803,0.26151732,49468940000,3791777000,35376490000,,,,,0.5943999,0.5549249,0.48593876,0.36553305,
