endDate,type,currentPrice,totalCash,totalCashPerShare,ebitda,totalDebt,quickRatio,currentRatio,totalRevenue,debtToEquity,revenuePerShare,returnOnAssets,returnOnEquity,grossProfits,freeCashflow,operatingCashflow,earningsGrowth,revenueGrowth,earningsGrowthAnnual,revenueGrowthAnnual,grossMargins,ebitdaMargins,operatingMargins,profitMargins,financialCurrency
2025-12-31,yearly,,3647000000,3.042809,5894000000,29686000000,1.4460963,1.9465636,189075000000,1.4312714,,0.032462314,0.095414884,9218000000,2524000000,6666000000,-0.6852521,0.097537614,-0.6852521,0.097537614,0.04875314,0.031172816,0.025524262,0.010466747,
2024-12-31,yearly,,10480000000,9.365504,9323000000,22876000000,2.3175945,3.0351186,172272000000,1.1221977,,0.12993878,0.31233752,8241000000,3315000000,4148000000,0.3359211,0.057227198,0.3359211,0.057227198,0.047837142,0.054117907,0.05090206,0.036958996,
2023-12-31,yearly,,6666000000,5.957104,8097000000,19224000000,1.7652061,2.3608444,162947000000,1.2220457,,0.109611094,0.30296865,8361000000,6691999700,6247000000,2.100846,-0.1019532,2.100846,-0.1019532,0.05131116,0.049691003,0.046291124,0.029248774,
2022-12-31,yearly,,4145000000,3.5579402,4514000000,20675000000,1.6096216,2.3113048,181446000000,1.6391819,,0.037387494,0.121858396,7489000000,-748000000,1263000100,-0.3844614,0.39444056,-0.3844614,0.39444056,0.04127399,0.024877924,0.021830186,0.008470839,
2021-12-31,yearly,,3625000000,3.1115882,3165000200,15694000000,1.6468184,2.4199483,130121000000,1.2751056,,0.0736926,0.20287618,6851000000,-139000000,2276000000,-0.36056337,0.5965571,-0.36056337,0.5965571,0.052650996,0.024323516,0.020027515,0.01918983,
2020-12-31,yearly,,3358000100,2.8824039,5103000000,11375000000,1.4125612,1.923221,81501000000,0.9318424,,0.13785434,0.31989843,4457000000,1236999900,1818000000,0.76616913,-0.14195925,0.76616913,-0.14195925,0.054686446,0.06261273,0.05602385,0.04791352,
2019-12-31,yearly,,2361999900,2.027468,1880999900,12842000000,1.0248866,1.421677,94985000000,1.4649783,,0.085479006,0.2522245,5958000000,2526000100,2899000000,-0.30754775,-0.02848522,-0.30754775,-0.02848522,0.06272569,0.019803125,0.014244353,0.02327736,
2018-12-31,yearly,,3057000000,2.6240346,2802999800,11337000000,2.1661916,2.8070598,97770000000,1.1704522,,0.12598145,0.32965103,5856000000,3132000000,3328000000,1.7741092,0.15612473,1.7741092,0.15612473,0.059895672,0.028669326,0.024404213,0.03265828,
2017-12-31,yearly,,483000000,0.4145923,2574000100,10737000000,1.6900069,2.4253342,84567000000,1.2165194,,0.048438687,0.13041016,6367000000,3591000000,1270000000,4.6539683,-0.023892794,4.6539683,-0.023892794,0.07528941,0.030437404,0.025092531,0.013610511,
2016-12-31,yearly,,655000000,0.54648745,439000000,19192000000,1.7074081,2.1831586,86637000000,2.5900135,,-0.010032486,-0.042510122,6465000000,2560000000,2632000000,,,,,0.0746217,0.005067119,-0.00017313618,-0.00363586,
