endDate,type,currentPrice,totalCash,totalCashPerShare,ebitda,totalDebt,quickRatio,currentRatio,totalRevenue,debtToEquity,revenuePerShare,returnOnAssets,returnOnEquity,grossProfits,freeCashflow,operatingCashflow,earningsGrowth,revenueGrowth,earningsGrowthAnnual,revenueGrowthAnnual,grossMargins,ebitdaMargins,operatingMargins,profitMargins,financialCurrency
2025-12-31,yearly,,7131441000,2.2102394,24803682000,39171700000,0.94051164,0.99897593,59595000000,0.5676834,,0.048235033,0.08952608,26669631000,10699882000,20717402000,0.11174546,0.06714919,0.11174546,0.06714919,0.44751456,0.41620407,0.16543801,0.10365874,
2024-12-31,yearly,,6691098000,2.051674,22875798000,37331198000,0.89525694,0.94048905,55845050000,0.5348348,,0.04447977,0.07961852,24492890000,10961775000,19876567000,0.10310577,0.07187887,0.10310577,0.07187887,0.4385866,0.4096298,0.1553139,0.09951342,
2023-12-31,yearly,,4359424000,2.6379368,21307398000,35502133000,0.9172466,0.9582148,52100150000,0.509888,,0.041743096,0.07238505,22684752000,10934934000,18785925000,0.23118065,0.084489845,0.23118065,0.084489845,0.43540666,0.40897,0.15197317,0.09673633,
2022-12-31,yearly,,2274850000,1.3565497,19257784000,34514862000,0.7439626,0.77958274,48041160000,0.5041916,,0.03406524,0.059277654,20609483000,4738898000,18941925000,-0.34528375,0.09103584,-0.34528375,0.09103584,0.42899635,0.4008601,0.13733871,0.084467195,
2021-12-31,yearly,,6478592000,3.8312533,19124440000,30104832000,0.9092115,0.93769956,44032614000,0.43003097,,0.05385757,0.08898294,19251243000,9944832000,18072600000,0.30789825,0.021011248,0.30789825,0.021011248,0.43720418,0.43432444,0.16092865,0.14147143,
2020-12-31,yearly,,5762081000,3.4075294,17809160000,24989002000,1.0309192,1.0663372,43126473000,0.35926056,,0.043871604,0.06858466,20433390000,12933294000,19341750000,-0.046088055,-0.025790472,-0.046088055,-0.025790472,0.47380155,0.41295195,0.15261306,0.11061714,
2019-12-31,yearly,,3393377000,2.0067458,18134469000,24228547000,1.018869,1.0514655,44268170000,0.34388402,,0.046181798,0.0709811,22109225000,9794008000,17721197000,-0.43986678,0.018531505,-0.43986678,0.018531505,0.49943843,0.40965027,0.16297661,0.11297087,
2018-12-31,yearly,,3381327900,1.9996203,17818960000,15257637000,1.0431285,1.0700533,43462740000,0.21307458,,0.087052874,0.1246841,22436973000,6265094000,11941427000,0.93722385,0.0059228595,0.93722385,0.0059228595,0.51623464,0.40998244,0.21743537,0.20542327,
2017-12-31,yearly,,4050338000,2.3952537,14487551000,17092387000,0.9171663,0.9366907,43206832000,0.24607043,,0.045459274,0.066350415,22934303000,4202838000,12641060000,0.12815593,0.016429013,0.12815593,0.016429013,0.5308027,0.33530694,0.15353629,0.106668085,
2016-12-31,yearly,,5105110000,3.0190156,14023669000,17046744000,0.8801289,0.90020925,42508460000,0.2461822,,0.04002539,0.05899742,21685445000,4546253000,11440825000,0.19442824,0.055145737,0.19442824,0.055145737,0.51014423,0.329903,0.14983518,0.09610421,
2015-12-31,yearly,,5336845000,3.156057,12056585000,17479100000,0.962404,0.99597317,40286814000,0.2549191,,0.033635706,0.049881678,19941738000,-4728502000,9897205000,-0.30717334,0.15105288,-0.30717334,0.15105288,0.49499416,0.29926875,0.13010792,0.08489748,
2014-12-31,yearly,,4692689000,4.1777062,10411558000,14368705000,0.9392019,0.96916884,34999968000,0.31965905,,0.06756504,0.109825335,17777293000,1776577000,9384219000,0.328507,0.008008433,0.328507,0.008008433,0.5079231,0.29747337,0.14617068,0.14104752,
2013-12-31,yearly,,6543936000,5.8137217,10520434000,14402102000,1.1207688,1.157492,34721900000,0.33575684,,0.05343525,0.08662999,17179730000,4032481000,9576280000,-0.16562612,0.023296341,-0.16562612,0.023296341,0.4947808,0.3029913,0.14046247,0.10702021,
2012-12-31,yearly,,7196079000,6.393094,12705448000,13993614000,1.1733457,1.2019928,33931422000,0.31318852,,0.06337203,0.099643454,17366958000,6335916000,9733169000,0.022559777,0.16487779,0.022559777,0.16487779,0.51182526,0.3744449,0.21255487,0.13121115,
2011-12-31,yearly,,2940342000,2.6122398,10383360000,10875962000,0.8899657,0.9269917,29128740000,0.2509985,,0.06660865,0.10067205,14748569000,6112540000,8141375000,0.8155964,0.84872264,0.8155964,0.84872264,0.50632364,0.35646445,0.19902563,0.14975584,
2010-12-31,yearly,,1556715000,3.07507,5460221000,2999746000,0.88637877,0.8999279,15756144000,0.25711122,,0.12014428,0.20560662,6963246000,2873547000,4532258000,,,,,0.44193846,0.34654552,0.2251012,0.15224765,
