endDate,type,currentPrice,totalCash,totalCashPerShare,ebitda,totalDebt,quickRatio,currentRatio,totalRevenue,debtToEquity,revenuePerShare,returnOnAssets,returnOnEquity,grossProfits,freeCashflow,operatingCashflow,earningsGrowth,revenueGrowth,earningsGrowthAnnual,revenueGrowthAnnual,grossMargins,ebitdaMargins,operatingMargins,profitMargins,financialCurrency
2025-12-31,yearly,,7279865000,1.7344087,9000037000,10254579000,0.97776365,1.5478098,40804110000,0.55270725,,0.1588921,0.36521453,13681633000,3540223000,6451033000,0.05521239,0.074161455,0.05521239,0.074161455,0.33530036,0.22056693,0.19602783,0.16606067,
2024-12-31,yearly,,7996076000,1.9050441,8503013000,5761175000,1.1205585,1.761414,37986943000,0.24912955,,0.15229714,0.27324125,12813846000,3157640000,7252269000,0.054246493,0.16869952,0.054246493,0.16869952,0.33732238,0.2238404,0.20245187,0.1663404,
2023-12-31,yearly,,7081224000,1.687083,7090167000,4592129000,1.2875601,1.9218278,32503601000,0.25719333,,0.18629555,0.32863003,10800864000,5307617000,7021823000,0.36206168,0.08690531,0.36206168,0.08690531,0.33229744,0.21813482,0.19881259,0.180522,
2022-12-31,yearly,,4982828000,1.1871457,5617144000,4931245000,1.170125,1.9149805,29904722000,0.32339522,,0.15187217,0.28021854,8695487000,1636536100,2982930000,0.17349309,0.26912078,0.17349309,0.26912078,0.29077303,0.18783468,0.16892272,0.14288285,
2021-12-31,yearly,,3217135000,0.76647395,4678521000,3046275000,1.1918563,2.0113747,23563338000,0.21742533,,0.15282299,0.26104957,6960957000,255515010,939385000,0.5318845,0.34882286,0.5318845,0.34882286,0.29541472,0.19855087,0.17647512,0.1552191,
2020-12-31,yearly,,4484934000,1.0685238,3267683000,2757838000,1.4992431,2.1346564,17469557000,0.23116255,,0.12023131,0.2008296,5437507000,4137407000,3930032100,0.44983312,0.30883262,0.44983312,0.30883262,0.31125614,0.18705013,0.16121325,0.13715042,
2019-12-31,yearly,,3390271000,1.6154463,2244517000,3203000000,1.5461458,2.1734262,13347434000,0.35867903,,0.10405994,0.18280591,3953268000,1848105000,1907853000,0.20642462,0.11506547,0.20642462,0.11506547,0.2961819,0.16816093,0.13843365,0.12230478,
2018-12-31,yearly,,3529888000,1.6819731,1824054000,4561682000,1.3866042,1.874965,11970090000,0.58086497,,0.08728319,0.17115803,3469274000,466365000,1299655000,0.17175518,0.25685674,0.17175518,0.25685674,0.28982857,0.15238431,0.12589972,0.11229222,
2017-12-31,yearly,,4573731000,2.1793587,1466287000,4830422000,1.7480406,2.1761332,9523830000,0.7058608,,0.08157751,0.16672377,2758447000,907379970,1290136100,0.021943782,0.016741952,0.021943782,0.016741952,0.2896363,0.15395981,0.124152996,0.11979865,
2016-12-31,yearly,,4763949000,2.950996,1406931000,5151077000,2.3033736,2.783741,9367008000,0.8484961,,0.08348542,0.18577884,2635779000,1278182000,2130912000,-0.033251505,-0.040297333,-0.033251505,-0.040297333,0.28138965,0.15020068,0.113555364,0.120404735,
2015-12-31,yearly,,4434759000,2.7470813,1477603100,5895264300,2.1689315,2.74385,9760323000,0.9576359,,0.08174502,0.189376,2765588000,78476000,982442000,0.21088669,0.24481897,0.21088669,0.24481897,0.28335005,0.15138873,0.11866871,0.1194438,
2014-12-31,yearly,,4193177000,2.597435,1344828900,4729304000,1.8910434,2.3953357,7840757000,0.92023003,,0.08167243,0.18724787,2484497000,-242310000,1147520000,0.13190676,0.14817339,0.13190676,0.14817339,0.31686953,0.17151774,0.13957223,0.12273254,
2013-12-31,yearly,,3373799000,4.179754,1230032000,3833774000,2.0968812,2.6577423,6828896300,0.8258409,,0.083352685,0.18208863,2236766000,1082192000,1027434000,0.28581402,0.10609511,0.28581402,0.10609511,0.3275443,0.18012165,0.14815761,0.1237834,
2012-12-31,yearly,,2563500000,4.128651,1016747970,3354872000,1.4616666,1.8952374,6173878000,0.8080863,,0.074926496,0.16014545,1880856100,511999000,893566000,0.117632926,0.18970734,0.117632926,0.18970734,0.30464745,0.16468547,0.13094056,0.10768985,
2011-12-31,yearly,,2931615000,4.7215195,851155000,4147747000,1.6363286,2.131183,5189409000,1.0617311,,0.06666267,0.15538388,1556051000,-350526020,299782020,0.12919642,0.18156669,0.12919642,0.18156669,0.2998513,0.1640177,0.1277843,0.11697305,
2010-12-31,yearly,,2552996000,4.111734,786627000,3047520000,1.9522649,2.4726644,4391973000,0.8599495,,0.07104544,0.15058088,1386951900,222144000,614593000,,,,,0.31579244,0.17910561,0.13721327,0.12150211,
