endDate,type,currentPrice,totalCash,totalCashPerShare,ebitda,totalDebt,quickRatio,currentRatio,totalRevenue,debtToEquity,revenuePerShare,returnOnAssets,returnOnEquity,grossProfits,freeCashflow,operatingCashflow,earningsGrowth,revenueGrowth,earningsGrowthAnnual,revenueGrowthAnnual,grossMargins,ebitdaMargins,operatingMargins,profitMargins,financialCurrency
2025-12-31,yearly,,1478087000,5.3927293,1702966000,6198856000,1.4060398,1.4060398,5521740000,2.0885339,,0.018164525,0.060705673,3340709000,734321000,1372642000,-0.4683576,0.031756695,-0.4683576,0.031756695,0.6050102,0.30841112,0.16070062,0.032630473,
2024-12-31,yearly,,1046915000,3.6214297,1742141000,6060743000,1.752155,1.752155,5351785000,1.9308125,,0.034332205,0.108700976,3265109000,467504000,1218469000,1.2408364,0.039673734,1.2408364,0.039673734,0.61009717,0.32552522,0.17143813,0.06375592,
2023-12-31,yearly,,698346000,2.2593696,1589835000,5608244000,1.4748379,1.4748379,5147562000,1.8345071,,0.01665135,0.050587736,3070278000,603015000,910651000,3.615617,0.12762971,3.7477095,0.12762971,0.59645283,0.30885202,0.15630059,0.030043544,
2022-12-31,yearly,,785831000,2.542411,1325955000,5493283000,1.8963888,1.8963888,4564940000,1.8558018,,-0.006126946,-0.018730707,2582468000,664443000,716865000,-1.3682344,0.039523356,-1.350532,0.039523356,0.5657178,0.29046494,0.13525106,-0.012145614,
2021-12-31,yearly,,1814240000,5.869639,1225604000,5984669000,1.5935998,1.5935998,4391378000,1.8462174,,0.015980428,0.048794355,2389123000,-235039010,707469000,0.6110144,0.1395116,0.6110144,0.1395116,0.5440486,0.27909327,0.124469355,0.036018535,
2020-12-31,yearly,,1633276000,5.2841635,895315000,5357380000,2.1166961,2.1166961,3853737000,1.6715856,,0.010596674,0.030633993,2108824100,-1211555000,1137210000,-0.84804994,0.08098123,-0.84804994,0.08098123,0.54721534,0.23232384,0.09247621,0.02547683,
2019-12-31,yearly,,609112000,1.9706695,1260967000,1905324000,2.1866198,2.1866198,3565036000,0.6141547,,0.11721378,0.20827426,2044318000,347365000,812668030,0.0019647744,-0.01501391,0.0019647744,-0.01501391,0.5734354,0.35370386,0.2524569,0.18124361,
2018-12-31,yearly,,818046000,2.646637,967392000,1017743000,1.2028756,1.2028756,3619377000,0.3927373,,0.15719166,0.24885033,1986565000,764755000,1056685000,0.5188134,0.07114516,0.5188134,0.07114516,0.5488693,0.26728135,0.2132983,0.17817238,
2017-12-31,yearly,,524445980,1.6497386,737783000,750168000,1.973417,1.973417,3378979000,0.2701111,,0.10559065,0.15288107,1601866000,542959000,699990000,0.15345746,0.061068833,0.15345746,0.061068833,0.47406805,0.21834496,0.16085066,0.1256563,
2016-12-31,yearly,,404009000,1.2708825,650977000,1237279000,1.5509157,1.5509157,3184505000,0.50819105,,0.088888794,0.15119156,1375463000,559088000,836741000,-0.24051623,0.08337796,-0.24051623,0.08337796,0.43192366,0.20442015,0.14416401,0.1155916,
2015-12-31,yearly,,693760000,2.1872854,680406000,1224654000,2.8385007,2.8385007,2939422000,0.45685956,,0.11116164,0.18080857,1278914000,-192360000,78267000,0.13868125,0.22248529,0.13868125,0.22248529,0.4350903,0.23147613,0.17550899,0.16488752,
2014-12-31,yearly,,715081000,2.2582932,532584000,751025000,3.7008011,3.7008011,2404464100,0.31386083,,0.121121936,0.17788129,1028625000,-717427000,487683000,0.73940665,0.3890527,0.73940665,0.3890527,0.42779803,0.221498,0.17660609,0.17702281,
2013-12-31,yearly,,739183000,2.4855301,320278980,367592000,4.3776684,4.3776684,1731010000,0.2422126,,0.1144212,0.16124159,694474000,-583256000,138139010,1.2309573,0.25137344,1.2309573,0.25137344,0.40119582,0.18502435,0.1435838,0.1413666,
2012-12-31,yearly,,140472000,1.4348601,209899010,353319000,2.6445694,2.6445694,1383288100,0.49971926,,0.08847082,0.15513659,505928000,-9158000,93018000,0.5634951,0.20449628,0.5634951,0.20449628,0.36574304,0.15173918,0.107490264,0.0792944,
2011-12-31,yearly,,169421980,2.0552301,123036000,321664000,3.6552038,3.6552038,1148437000,0.5197056,,0.06564407,0.113347925,382902020,-211287010,-49045000,-0.13023804,0.13017781,-0.13023804,0.13017781,0.33341143,0.10713343,0.070372164,0.061087374,
2010-12-31,yearly,,165414000,2.0110652,92243000,80900000,2.7988071,2.7988071,1016156030,0.13807864,,0.10025655,0.13766901,319199000,-44497000,-1760000,,,,,0.31412402,0.09077641,0.058557935,0.07937758,
